Date,Open,High,Low,Close,TotalVolume
2007/07/03,0.0,0.0,-7244.0,-7244.0,0.0
2007/07/04,0.0,0.0,-10093.0,-10093.0,0.0
2007/07/05,0.0,0.0,-11282.0,-11282.0,0.0
2007/07/06,0.0,0.0,-11925.0,-11925.0,0.0
2007/07/09,0.0,0.0,-11416.0,-11416.0,0.0
2007/07/10,0.0,0.0,-17011.0,-17011.0,0.0
2007/07/11,0.0,0.0,-18722.0,-18722.0,0.0
2007/07/12,0.0,0.0,-15571.0,-15571.0,0.0
2007/07/13,0.0,0.0,-16151.0,-16151.0,0.0
2007/07/16,0.0,0.0,-18104.0,-18104.0,0.0
2007/07/17,0.0,0.0,-20001.0,-20001.0,0.0
2007/07/18,0.0,0.0,-22226.0,-22226.0,0.0
2007/07/19,0.0,0.0,-4600.0,-4600.0,0.0
2007/07/20,0.0,0.0,-706.0,-706.0,0.0
2007/07/23,0.0,0.0,-5944.0,-5944.0,0.0
2007/07/24,0.0,0.0,-6732.0,-6732.0,0.0
2007/07/25,0.0,0.0,-12411.0,-12411.0,0.0
2007/07/26,0.0,0.0,-17413.0,-17413.0,0.0
2007/07/27,0.0,0.0,-25110.0,-25110.0,0.0
2007/07/30,0.0,0.0,-23687.0,-23687.0,0.0
2007/07/31,0.0,0.0,-15121.0,-15121.0,0.0
2007/08/01,0.0,0.0,-16939.0,-16939.0,0.0
2007/08/02,0.0,0.0,-13274.0,-13274.0,0.0
2007/08/03,0.0,0.0,-10507.0,-10507.0,0.0
2007/08/06,0.0,0.0,-12650.0,-12650.0,0.0
2007/08/07,0.0,0.0,-12049.0,-12049.0,0.0
2007/08/08,0.0,0.0,-9276.0,-9276.0,0.0
2007/08/09,0.0,0.0,-5761.0,-5761.0,0.0
2007/08/10,0.0,0.0,-7784.0,-7784.0,0.0
2007/08/13,0.0,0.0,-6371.0,-6371.0,0.0
2007/08/14,0.0,0.0,-8745.0,-8745.0,0.0
2007/08/15,0.0,0.0,-8594.0,-8594.0,0.0
2007/08/16,0.0,0.0,-13133.0,-13133.0,0.0
2007/08/17,0.0,0.0,-16719.0,-16719.0,0.0
2007/08/20,0.0,0.0,-10686.0,-10686.0,0.0
2007/08/21,0.0,0.0,-9290.0,-9290.0,0.0
2007/08/22,0.0,0.0,-9070.0,-9070.0,0.0
2007/08/23,0.0,0.0,-5911.0,-5911.0,0.0
2007/08/24,0.0,0.0,-3630.0,-3630.0,0.0
2007/08/27,0.0,0.0,-123.0,-123.0,0.0
2007/08/28,0.0,688.0,0.0,688.0,0.0
2007/08/29,0.0,0.0,-2529.0,-2529.0,0.0
2007/08/30,0.0,0.0,-865.0,-865.0,0.0
2007/08/31,0.0,820.0,0.0,820.0,0.0
2007/09/03,0.0,0.0,-1112.0,-1112.0,0.0
2007/09/04,0.0,0.0,-433.0,-433.0,0.0
2007/09/05,0.0,0.0,-1305.0,-1305.0,0.0
2007/09/06,0.0,0.0,-1853.0,-1853.0,0.0
2007/09/07,0.0,0.0,-1661.0,-1661.0,0.0
2007/09/10,0.0,0.0,-1708.0,-1708.0,0.0
2007/09/11,0.0,0.0,-99.0,-99.0,0.0
2007/09/12,0.0,181.0,0.0,181.0,0.0
2007/09/13,0.0,1012.0,0.0,1012.0,0.0
2007/09/14,0.0,0.0,-638.0,-638.0,0.0
2007/09/17,0.0,0.0,-3643.0,-3643.0,0.0
2007/09/19,0.0,0.0,-2308.0,-2308.0,0.0
2007/09/20,0.0,1072.0,0.0,1072.0,0.0
2007/09/21,0.0,405.0,0.0,405.0,0.0
2007/09/26,0.0,129.0,0.0,129.0,0.0
2007/09/27,0.0,1326.0,0.0,1326.0,0.0
2007/09/28,0.0,1724.0,0.0,1724.0,0.0
2007/09/29,0.0,1929.0,0.0,1929.0,0.0
2007/10/01,0.0,1470.0,0.0,1470.0,0.0
2007/10/02,0.0,1134.0,0.0,1134.0,0.0
2007/10/03,0.0,72.0,0.0,72.0,0.0
2007/10/04,0.0,0.0,-7014.0,-7014.0,0.0
2007/10/05,0.0,0.0,-8280.0,-8280.0,0.0
2007/10/08,0.0,0.0,-7961.0,-7961.0,0.0
2007/10/09,0.0,0.0,-7863.0,-7863.0,0.0
2007/10/11,0.0,0.0,-8220.0,-8220.0,0.0
2007/10/12,0.0,0.0,-7013.0,-7013.0,0.0
2007/10/15,0.0,0.0,-4467.0,-4467.0,0.0
2007/10/16,0.0,0.0,-4755.0,-4755.0,0.0
2007/10/17,0.0,0.0,-4330.0,-4330.0,0.0
2007/10/18,0.0,0.0,-3226.0,-3226.0,0.0
2007/10/19,0.0,0.0,-3035.0,-3035.0,0.0
2007/10/22,0.0,0.0,-652.0,-652.0,0.0
2007/10/23,0.0,267.0,0.0,267.0,0.0
2007/10/24,0.0,1002.0,0.0,1002.0,0.0
2007/10/25,0.0,1495.0,0.0,1495.0,0.0
2007/10/26,0.0,1158.0,0.0,1158.0,0.0
2007/10/29,0.0,0.0,-3639.0,-3639.0,0.0
2007/10/30,0.0,0.0,-3811.0,-3811.0,0.0
2007/10/31,0.0,0.0,-7947.0,-7947.0,0.0
2007/11/01,0.0,0.0,-5800.0,-5800.0,0.0
2007/11/02,0.0,0.0,-7387.0,-7387.0,0.0
2007/11/05,0.0,0.0,-5313.0,-5313.0,0.0
2007/11/06,0.0,0.0,-3962.0,-3962.0,0.0
2007/11/07,0.0,39.0,0.0,39.0,0.0
2007/11/08,0.0,2276.0,0.0,2276.0,0.0
2007/11/09,0.0,1086.0,0.0,1086.0,0.0
2007/11/12,0.0,2010.0,0.0,2010.0,0.0
2007/11/13,0.0,1692.0,0.0,1692.0,0.0
2007/11/14,0.0,2180.0,0.0,2180.0,0.0
2007/11/15,0.0,2515.0,0.0,2515.0,0.0
2007/11/16,0.0,4282.0,0.0,4282.0,0.0
2007/11/19,0.0,5735.0,0.0,5735.0,0.0
2007/11/20,0.0,7833.0,0.0,7833.0,0.0
2007/11/21,0.0,8489.0,0.0,8489.0,0.0
2007/11/22,0.0,0.0,-7471.0,-7471.0,0.0
2007/11/23,0.0,0.0,-8238.0,-8238.0,0.0
2007/11/26,0.0,0.0,-7004.0,-7004.0,0.0
2007/11/27,0.0,0.0,-9035.0,-9035.0,0.0
2007/11/28,0.0,0.0,-8885.0,-8885.0,0.0
2007/11/29,0.0,0.0,-5657.0,-5657.0,0.0
2007/11/30,0.0,0.0,-1816.0,-1816.0,0.0
2007/12/03,0.0,0.0,-1874.0,-1874.0,0.0
2007/12/04,0.0,0.0,-3719.0,-3719.0,0.0
2007/12/05,0.0,0.0,-3971.0,-3971.0,0.0
2007/12/06,0.0,0.0,-3340.0,-3340.0,0.0
2007/12/07,0.0,0.0,-2808.0,-2808.0,0.0
2007/12/10,0.0,0.0,-3947.0,-3947.0,0.0
2007/12/11,0.0,0.0,-2712.0,-2712.0,0.0
2007/12/12,0.0,0.0,-3508.0,-3508.0,0.0
2007/12/13,0.0,0.0,-4224.0,-4224.0,0.0
2007/12/14,0.0,0.0,-918.0,-918.0,0.0
2007/12/17,0.0,2877.0,0.0,2877.0,0.0
2007/12/18,0.0,4573.0,0.0,4573.0,0.0
2007/12/19,0.0,7851.0,0.0,7851.0,0.0
2007/12/20,0.0,2842.0,0.0,2842.0,0.0
2007/12/21,0.0,3556.0,0.0,3556.0,0.0
2007/12/24,0.0,4781.0,0.0,4781.0,0.0
2007/12/25,0.0,4834.0,0.0,4834.0,0.0
2007/12/26,0.0,4777.0,0.0,4777.0,0.0
2007/12/27,0.0,5463.0,0.0,5463.0,0.0
2007/12/28,0.0,5708.0,0.0,5708.0,0.0
2007/12/31,0.0,4659.0,0.0,4659.0,0.0
2008/01/02,0.0,3911.0,0.0,3911.0,0.0
2008/01/03,0.0,2277.0,0.0,2277.0,0.0
2008/01/04,0.0,2893.0,0.0,2893.0,0.0
2008/01/07,0.0,4598.0,0.0,4598.0,0.0
2008/01/08,0.0,7879.0,0.0,7879.0,0.0
2008/01/09,0.0,8134.0,0.0,8134.0,0.0
2008/01/10,0.0,8722.0,0.0,8722.0,0.0
2008/01/11,0.0,5885.0,0.0,5885.0,0.0
2008/01/14,0.0,17477.0,0.0,17477.0,0.0
2008/01/15,0.0,11896.0,0.0,11896.0,0.0
2008/01/16,0.0,3362.0,0.0,3362.0,0.0
2008/01/17,0.0,0.0,-4935.0,-4935.0,0.0
2008/01/18,0.0,0.0,-3821.0,-3821.0,0.0
2008/01/21,0.0,0.0,-2887.0,-2887.0,0.0
2008/01/22,0.0,0.0,-8.0,-8.0,0.0
2008/01/23,0.0,2083.0,0.0,2083.0,0.0
2008/01/24,0.0,4416.0,0.0,4416.0,0.0
2008/01/25,0.0,7773.0,0.0,7773.0,0.0
2008/01/28,0.0,6074.0,0.0,6074.0,0.0
2008/01/29,0.0,4519.0,0.0,4519.0,0.0
2008/01/30,0.0,5477.0,0.0,5477.0,0.0
2008/01/31,0.0,7358.0,0.0,7358.0,0.0
2008/02/01,0.0,9818.0,0.0,9818.0,0.0
2008/02/12,0.0,11311.0,0.0,11311.0,0.0
2008/02/13,0.0,13139.0,0.0,13139.0,0.0
2008/02/14,0.0,15071.0,0.0,15071.0,0.0
2008/02/15,0.0,12675.0,0.0,12675.0,0.0
2008/02/18,0.0,9367.0,0.0,9367.0,0.0
2008/02/19,0.0,8149.0,0.0,8149.0,0.0
2008/02/20,0.0,5950.0,0.0,5950.0,0.0
2008/02/21,0.0,9610.0,0.0,9610.0,0.0
2008/02/22,0.0,10322.0,0.0,10322.0,0.0
2008/02/25,0.0,10973.0,0.0,10973.0,0.0
2008/02/26,0.0,12105.0,0.0,12105.0,0.0
2008/02/27,0.0,14890.0,0.0,14890.0,0.0
2008/02/29,0.0,12967.0,0.0,12967.0,0.0
2008/03/03,0.0,16053.0,0.0,16053.0,0.0
2008/03/04,0.0,15943.0,0.0,15943.0,0.0
2008/03/05,0.0,13034.0,0.0,13034.0,0.0
2008/03/06,0.0,12931.0,0.0,12931.0,0.0
2008/03/07,0.0,8203.0,0.0,8203.0,0.0
2008/03/10,0.0,4388.0,0.0,4388.0,0.0
2008/03/11,0.0,4029.0,0.0,4029.0,0.0
2008/03/12,0.0,4813.0,0.0,4813.0,0.0
2008/03/13,0.0,5276.0,0.0,5276.0,0.0
2008/03/14,0.0,5671.0,0.0,5671.0,0.0
2008/03/17,0.0,6239.0,0.0,6239.0,0.0
2008/03/18,0.0,3060.0,0.0,3060.0,0.0
2008/03/19,0.0,386.0,0.0,386.0,0.0
2008/03/20,0.0,0.0,-226.0,-226.0,0.0
2008/03/21,0.0,0.0,-1771.0,-1771.0,0.0
2008/03/24,0.0,0.0,-4330.0,-4330.0,0.0
2008/03/25,0.0,0.0,-10183.0,-10183.0,0.0
2008/03/26,0.0,0.0,-12191.0,-12191.0,0.0
2008/03/27,0.0,0.0,-19368.0,-19368.0,0.0
2008/03/28,0.0,0.0,-18337.0,-18337.0,0.0
2008/03/31,0.0,0.0,-17685.0,-17685.0,0.0
2008/04/01,0.0,0.0,-17444.0,-17444.0,0.0
2008/04/02,0.0,0.0,-11862.0,-11862.0,0.0
2008/04/03,0.0,0.0,-10399.0,-10399.0,0.0
2008/04/07,0.0,0.0,-10247.0,-10247.0,0.0
2008/04/08,0.0,0.0,-9530.0,-9530.0,0.0
2008/04/09,0.0,0.0,-6236.0,-6236.0,0.0
2008/04/10,0.0,0.0,-6200.0,-6200.0,0.0
2008/04/11,0.0,0.0,-3556.0,-3556.0,0.0
2008/04/14,0.0,0.0,-4267.0,-4267.0,0.0
2008/04/15,0.0,0.0,-5366.0,-5366.0,0.0
2008/04/16,0.0,0.0,-5316.0,-5316.0,0.0
2008/04/17,0.0,0.0,-2155.0,-2155.0,0.0
2008/04/18,0.0,0.0,-3762.0,-3762.0,0.0
2008/04/21,0.0,0.0,-6039.0,-6039.0,0.0
2008/04/22,0.0,0.0,-7182.0,-7182.0,0.0
2008/04/23,0.0,0.0,-10675.0,-10675.0,0.0
2008/04/24,0.0,0.0,-8661.0,-8661.0,0.0
2008/04/25,0.0,0.0,-8228.0,-8228.0,0.0
2008/04/28,0.0,0.0,-6408.0,-6408.0,0.0
2008/04/29,0.0,0.0,-9064.0,-9064.0,0.0
2008/04/30,0.0,0.0,-8794.0,-8794.0,0.0
2008/05/02,0.0,0.0,-7575.0,-7575.0,0.0
2008/05/05,0.0,0.0,-9372.0,-9372.0,0.0
2008/05/06,0.0,0.0,-11091.0,-11091.0,0.0
2008/05/07,0.0,0.0,-9695.0,-9695.0,0.0
2008/05/08,0.0,0.0,-11374.0,-11374.0,0.0
2008/05/09,0.0,0.0,-10866.0,-10866.0,0.0
2008/05/12,0.0,0.0,-9644.0,-9644.0,0.0
2008/05/13,0.0,0.0,-7879.0,-7879.0,0.0
2008/05/14,0.0,0.0,-8112.0,-8112.0,0.0
2008/05/15,0.0,0.0,-7550.0,-7550.0,0.0
2008/05/16,0.0,0.0,-8660.0,-8660.0,0.0
2008/05/19,0.0,0.0,-12537.0,-12537.0,0.0
2008/05/20,0.0,0.0,-17013.0,-17013.0,0.0
2008/05/21,0.0,0.0,-17228.0,-17228.0,0.0
2008/05/22,0.0,0.0,-13745.0,-13745.0,0.0
2008/05/23,0.0,0.0,-14937.0,-14937.0,0.0
2008/05/26,0.0,0.0,-15627.0,-15627.0,0.0
2008/05/27,0.0,0.0,-15911.0,-15911.0,0.0
2008/05/28,0.0,0.0,-13219.0,-13219.0,0.0
2008/05/29,0.0,0.0,-12681.0,-12681.0,0.0
2008/05/30,0.0,0.0,-10769.0,-10769.0,0.0
2008/06/02,0.0,0.0,-10571.0,-10571.0,0.0
2008/06/03,0.0,0.0,-10512.0,-10512.0,0.0
2008/06/04,0.0,0.0,-9555.0,-9555.0,0.0
2008/06/05,0.0,0.0,-8732.0,-8732.0,0.0
2008/06/06,0.0,0.0,-7896.0,-7896.0,0.0
2008/06/09,0.0,0.0,-7414.0,-7414.0,0.0
2008/06/10,0.0,0.0,-4699.0,-4699.0,0.0
2008/06/11,0.0,0.0,-2993.0,-2993.0,0.0
2008/06/12,0.0,0.0,-2557.0,-2557.0,0.0
2008/06/13,0.0,825.0,0.0,825.0,0.0
2008/06/16,0.0,2303.0,0.0,2303.0,0.0
2008/06/17,0.0,1901.0,0.0,1901.0,0.0
2008/06/18,0.0,5224.0,0.0,5224.0,0.0
2008/06/19,0.0,0.0,-3289.0,-3289.0,0.0
2008/06/20,0.0,0.0,-2292.0,-2292.0,0.0
2008/06/23,0.0,0.0,-2945.0,-2945.0,0.0
2008/06/24,0.0,0.0,-2313.0,-2313.0,0.0
2008/06/25,0.0,0.0,-5454.0,-5454.0,0.0
2008/06/26,0.0,0.0,-3745.0,-3745.0,0.0
2008/06/27,0.0,1193.0,0.0,1193.0,0.0
2008/06/30,0.0,0.0,-683.0,-683.0,0.0
2008/07/01,0.0,0.0,-3017.0,-3017.0,0.0
2008/07/02,0.0,0.0,-5064.0,-5064.0,0.0
2008/07/03,0.0,0.0,-4463.0,-4463.0,0.0
2008/07/04,0.0,0.0,-2498.0,-2498.0,0.0
2008/07/07,0.0,0.0,-1130.0,-1130.0,0.0
2008/07/08,0.0,5420.0,0.0,5420.0,0.0
2008/07/09,0.0,5393.0,0.0,5393.0,0.0
2008/07/10,0.0,6161.0,0.0,6161.0,0.0
2008/07/11,0.0,4309.0,0.0,4309.0,0.0
2008/07/14,0.0,0.0,-2921.0,-2921.0,0.0
2008/07/15,0.0,0.0,-780.0,-780.0,0.0
2008/07/16,0.0,1874.0,0.0,1874.0,0.0
2008/07/17,0.0,0.0,-2738.0,-2738.0,0.0
2008/07/18,0.0,1568.0,0.0,1568.0,0.0
2008/07/21,0.0,0.0,-135.0,-135.0,0.0
2008/07/22,0.0,0.0,-1315.0,-1315.0,0.0
2008/07/23,0.0,0.0,-4359.0,-4359.0,0.0
2008/07/24,0.0,0.0,-2251.0,-2251.0,0.0
2008/07/25,0.0,0.0,-3903.0,-3903.0,0.0
2008/07/29,0.0,0.0,-1574.0,-1574.0,0.0
2008/07/30,0.0,0.0,-841.0,-841.0,0.0
2008/07/31,0.0,1985.0,0.0,1985.0,0.0
2008/08/01,0.0,0.0,-117.0,-117.0,0.0
2008/08/04,0.0,7.0,0.0,7.0,0.0
2008/08/05,0.0,0.0,-2594.0,-2594.0,0.0
2008/08/06,0.0,0.0,-1815.0,-1815.0,0.0
2008/08/07,0.0,0.0,-1739.0,-1739.0,0.0
2008/08/08,0.0,0.0,-3155.0,-3155.0,0.0
2008/08/11,0.0,0.0,-1489.0,-1489.0,0.0
2008/08/12,0.0,0.0,-2151.0,-2151.0,0.0
2008/08/13,0.0,0.0,-5319.0,-5319.0,0.0
2008/08/14,0.0,0.0,-5854.0,-5854.0,0.0
2008/08/15,0.0,0.0,-5608.0,-5608.0,0.0
2008/08/18,0.0,0.0,-5081.0,-5081.0,0.0
2008/08/19,0.0,0.0,-686.0,-686.0,0.0
2008/08/20,0.0,583.0,0.0,583.0,0.0
2008/08/21,0.0,2093.0,0.0,2093.0,0.0
2008/08/22,0.0,1982.0,0.0,1982.0,0.0
2008/08/25,0.0,2001.0,0.0,2001.0,0.0
2008/08/26,0.0,2468.0,0.0,2468.0,0.0
2008/08/27,0.0,770.0,0.0,770.0,0.0
2008/08/28,0.0,0.0,-849.0,-849.0,0.0
2008/08/29,0.0,0.0,-660.0,-660.0,0.0
2008/09/01,0.0,0.0,-1087.0,-1087.0,0.0
2008/09/02,0.0,2727.0,0.0,2727.0,0.0
2008/09/03,0.0,2857.0,0.0,2857.0,0.0
2008/09/04,0.0,1144.0,0.0,1144.0,0.0
2008/09/05,0.0,2969.0,0.0,2969.0,0.0
2008/09/08,0.0,4316.0,0.0,4316.0,0.0
2008/09/09,0.0,7357.0,0.0,7357.0,0.0
2008/09/10,0.0,2615.0,0.0,2615.0,0.0
2008/09/11,0.0,7213.0,0.0,7213.0,0.0
2008/09/12,0.0,8138.0,0.0,8138.0,0.0
2008/09/15,0.0,11509.0,0.0,11509.0,0.0
2008/09/16,0.0,15294.0,0.0,15294.0,0.0
2008/09/17,0.0,16732.0,0.0,16732.0,0.0
2008/09/18,0.0,3393.0,0.0,3393.0,0.0
2008/09/19,0.0,5063.0,0.0,5063.0,0.0
2008/09/22,0.0,9125.0,0.0,9125.0,0.0
2008/09/23,0.0,5079.0,0.0,5079.0,0.0
2008/09/24,0.0,6392.0,0.0,6392.0,0.0
2008/09/25,0.0,5437.0,0.0,5437.0,0.0
2008/09/26,0.0,7109.0,0.0,7109.0,0.0
2008/09/30,0.0,11920.0,0.0,11920.0,0.0
2008/10/01,0.0,15587.0,0.0,15587.0,0.0
2008/10/02,0.0,17290.0,0.0,17290.0,0.0
2008/10/03,0.0,14544.0,0.0,14544.0,0.0
2008/10/06,0.0,16655.0,0.0,16655.0,0.0
2008/10/07,0.0,16521.0,0.0,16521.0,0.0
2008/10/08,0.0,17996.0,0.0,17996.0,0.0
2008/10/09,0.0,18004.0,0.0,18004.0,0.0
2008/10/13,0.0,19244.0,0.0,19244.0,0.0
2008/10/14,0.0,15555.0,0.0,15555.0,0.0
2008/10/15,0.0,14498.0,0.0,14498.0,0.0
2008/10/16,0.0,12661.0,0.0,12661.0,0.0
2008/10/17,0.0,15613.0,0.0,15613.0,0.0
2008/10/20,0.0,20950.0,0.0,20950.0,0.0
2008/10/21,0.0,24552.0,0.0,24552.0,0.0
2008/10/22,0.0,24758.0,0.0,24758.0,0.0
2008/10/23,0.0,27143.0,0.0,27143.0,0.0
2008/10/24,0.0,28325.0,0.0,28325.0,0.0
2008/10/27,0.0,32977.0,0.0,32977.0,0.0
2008/10/28,0.0,32520.0,0.0,32520.0,0.0
2008/10/29,0.0,32660.0,0.0,32660.0,0.0
2008/10/30,0.0,30284.0,0.0,30284.0,0.0
2008/10/31,0.0,28893.0,0.0,28893.0,0.0
2008/11/03,0.0,28276.0,0.0,28276.0,0.0
2008/11/04,0.0,26582.0,0.0,26582.0,0.0
2008/11/05,0.0,27792.0,0.0,27792.0,0.0
2008/11/06,0.0,31954.0,0.0,31954.0,0.0
2008/11/07,0.0,37400.0,0.0,37400.0,0.0
2008/11/10,0.0,38987.0,0.0,38987.0,0.0
2008/11/11,0.0,41604.0,0.0,41604.0,0.0
2008/11/12,0.0,41612.0,0.0,41612.0,0.0
2008/11/13,0.0,43744.0,0.0,43744.0,0.0
2008/11/14,0.0,44543.0,0.0,44543.0,0.0
2008/11/17,0.0,45241.0,0.0,45241.0,0.0
2008/11/18,0.0,47001.0,0.0,47001.0,0.0
2008/11/19,0.0,49523.0,0.0,49523.0,0.0
2008/11/20,0.0,41412.0,0.0,41412.0,0.0
2008/11/21,0.0,41861.0,0.0,41861.0,0.0
2008/11/24,0.0,43332.0,0.0,43332.0,0.0
2008/11/25,0.0,43030.0,0.0,43030.0,0.0
2008/11/26,0.0,45176.0,0.0,45176.0,0.0
2008/11/27,0.0,40866.0,0.0,40866.0,0.0
2008/11/28,0.0,41204.0,0.0,41204.0,0.0
2008/12/01,0.0,34469.0,0.0,34469.0,0.0
2008/12/02,0.0,36398.0,0.0,36398.0,0.0
2008/12/03,0.0,39199.0,0.0,39199.0,0.0
2008/12/04,0.0,40488.0,0.0,40488.0,0.0
2008/12/05,0.0,41240.0,0.0,41240.0,0.0
2008/12/08,0.0,39695.0,0.0,39695.0,0.0
2008/12/09,0.0,33743.0,0.0,33743.0,0.0
2008/12/10,0.0,31304.0,0.0,31304.0,0.0
2008/12/11,0.0,26403.0,0.0,26403.0,0.0
2008/12/12,0.0,25827.0,0.0,25827.0,0.0
2008/12/15,0.0,22154.0,0.0,22154.0,0.0
2008/12/16,0.0,19654.0,0.0,19654.0,0.0
2008/12/17,0.0,18284.0,0.0,18284.0,0.0
2008/12/18,0.0,12027.0,0.0,12027.0,0.0
2008/12/19,0.0,13139.0,0.0,13139.0,0.0
2008/12/22,0.0,12298.0,0.0,12298.0,0.0
2008/12/23,0.0,12125.0,0.0,12125.0,0.0
2008/12/24,0.0,13839.0,0.0,13839.0,0.0
2008/12/25,0.0,13668.0,0.0,13668.0,0.0
2008/12/26,0.0,13442.0,0.0,13442.0,0.0
2008/12/29,0.0,14508.0,0.0,14508.0,0.0
2008/12/30,0.0,12135.0,0.0,12135.0,0.0
2008/12/31,0.0,13060.0,0.0,13060.0,0.0
2009/01/05,0.0,11435.0,0.0,11435.0,0.0
2009/01/06,0.0,12294.0,0.0,12294.0,0.0
2009/01/07,0.0,14821.0,0.0,14821.0,0.0
2009/01/08,0.0,15009.0,0.0,15009.0,0.0
2009/01/09,0.0,18302.0,0.0,18302.0,0.0
2009/01/10,0.0,20010.0,0.0,20010.0,0.0
2009/01/12,0.0,21086.0,0.0,21086.0,0.0
2009/01/13,0.0,20833.0,0.0,20833.0,0.0
2009/01/14,0.0,21242.0,0.0,21242.0,0.0
2009/01/15,0.0,26370.0,0.0,26370.0,0.0
2009/01/16,0.0,31320.0,0.0,31320.0,0.0
2009/01/17,0.0,32073.0,0.0,32073.0,0.0
2009/01/19,0.0,31141.0,0.0,31141.0,0.0
2009/01/20,0.0,32335.0,0.0,32335.0,0.0
2009/01/21,0.0,34206.0,0.0,34206.0,0.0
2009/02/02,0.0,35686.0,0.0,35686.0,0.0
2009/02/03,0.0,34903.0,0.0,34903.0,0.0
2009/02/04,0.0,35622.0,0.0,35622.0,0.0
2009/02/05,0.0,37178.0,0.0,37178.0,0.0
2009/02/06,0.0,36589.0,0.0,36589.0,0.0
2009/02/09,0.0,37369.0,0.0,37369.0,0.0
2009/02/10,0.0,39261.0,0.0,39261.0,0.0
2009/02/11,0.0,39853.0,0.0,39853.0,0.0
2009/02/12,0.0,41779.0,0.0,41779.0,0.0
2009/02/13,0.0,43102.0,0.0,43102.0,0.0
2009/02/16,0.0,42221.0,0.0,42221.0,0.0
2009/02/17,0.0,43328.0,0.0,43328.0,0.0
2009/02/18,0.0,41106.0,0.0,41106.0,0.0
2009/02/19,0.0,41593.0,0.0,41593.0,0.0
2009/02/20,0.0,41920.0,0.0,41920.0,0.0
2009/02/23,0.0,43616.0,0.0,43616.0,0.0
2009/02/24,0.0,41716.0,0.0,41716.0,0.0
2009/02/25,0.0,41423.0,0.0,41423.0,0.0
2009/02/26,0.0,41028.0,0.0,41028.0,0.0
2009/02/27,0.0,42402.0,0.0,42402.0,0.0
2009/03/02,0.0,39690.0,0.0,39690.0,0.0
2009/03/03,0.0,42205.0,0.0,42205.0,0.0
2009/03/04,0.0,41894.0,0.0,41894.0,0.0
2009/03/05,0.0,40243.0,0.0,40243.0,0.0
2009/03/06,0.0,42648.0,0.0,42648.0,0.0
2009/03/09,0.0,40495.0,0.0,40495.0,0.0
2009/03/10,0.0,40018.0,0.0,40018.0,0.0
2009/03/11,0.0,38830.0,0.0,38830.0,0.0
2009/03/12,0.0,37735.0,0.0,37735.0,0.0
2009/03/13,0.0,33249.0,0.0,33249.0,0.0
2009/03/16,0.0,28227.0,0.0,28227.0,0.0
2009/03/17,0.0,25370.0,0.0,25370.0,0.0
2009/03/18,0.0,29530.0,0.0,29530.0,0.0
2009/03/19,0.0,29685.0,0.0,29685.0,0.0
2009/03/20,0.0,29559.0,0.0,29559.0,0.0
2009/03/23,0.0,28035.0,0.0,28035.0,0.0
2009/03/24,0.0,26653.0,0.0,26653.0,0.0
2009/03/25,0.0,22030.0,0.0,22030.0,0.0
2009/03/26,0.0,19304.0,0.0,19304.0,0.0
2009/03/27,0.0,19394.0,0.0,19394.0,0.0
2009/03/30,0.0,18909.0,0.0,18909.0,0.0
2009/03/31,0.0,19132.0,0.0,19132.0,0.0
2009/04/01,0.0,18599.0,0.0,18599.0,0.0
2009/04/02,0.0,18491.0,0.0,18491.0,0.0
2009/04/03,0.0,17115.0,0.0,17115.0,0.0
2009/04/06,0.0,16902.0,0.0,16902.0,0.0
2009/04/07,0.0,17757.0,0.0,17757.0,0.0
2009/04/08,0.0,18044.0,0.0,18044.0,0.0
2009/04/09,0.0,18205.0,0.0,18205.0,0.0
2009/04/10,0.0,16169.0,0.0,16169.0,0.0
2009/04/13,0.0,14861.0,0.0,14861.0,0.0
2009/04/14,0.0,10372.0,0.0,10372.0,0.0
2009/04/15,0.0,15971.0,0.0,15971.0,0.0
2009/04/16,0.0,12486.0,0.0,12486.0,0.0
2009/04/17,0.0,13567.0,0.0,13567.0,0.0
2009/04/20,0.0,13848.0,0.0,13848.0,0.0
2009/04/21,0.0,10769.0,0.0,10769.0,0.0
2009/04/22,0.0,12214.0,0.0,12214.0,0.0
2009/04/23,0.0,14453.0,0.0,14453.0,0.0
2009/04/24,0.0,12427.0,0.0,12427.0,0.0
2009/04/27,0.0,9919.0,0.0,9919.0,0.0
2009/04/28,0.0,11282.0,0.0,11282.0,0.0
2009/04/29,0.0,10587.0,0.0,10587.0,0.0
2009/04/30,0.0,11436.0,0.0,11436.0,0.0
2009/05/04,0.0,11314.0,0.0,11314.0,0.0
2009/05/05,0.0,2264.0,0.0,2264.0,0.0
2009/05/06,0.0,0.0,-1871.0,-1871.0,0.0
2009/05/07,0.0,0.0,-225.0,-225.0,0.0
2009/05/08,0.0,0.0,-2605.0,-2605.0,0.0
2009/05/11,0.0,0.0,-657.0,-657.0,0.0
2009/05/12,0.0,0.0,-4145.0,-4145.0,0.0
2009/05/13,0.0,0.0,-3754.0,-3754.0,0.0
2009/05/14,0.0,0.0,-3071.0,-3071.0,0.0
2009/05/15,0.0,0.0,-410.0,-410.0,0.0
2009/05/18,0.0,3090.0,0.0,3090.0,0.0
2009/05/19,0.0,432.0,0.0,432.0,0.0
2009/05/20,0.0,4550.0,0.0,4550.0,0.0
2009/05/21,0.0,5302.0,0.0,5302.0,0.0
2009/05/22,0.0,6170.0,0.0,6170.0,0.0
2009/05/25,0.0,6074.0,0.0,6074.0,0.0
2009/05/26,0.0,6600.0,0.0,6600.0,0.0
2009/05/27,0.0,8104.0,0.0,8104.0,0.0
2009/06/01,0.0,6418.0,0.0,6418.0,0.0
2009/06/02,0.0,3072.0,0.0,3072.0,0.0
2009/06/03,0.0,1612.0,0.0,1612.0,0.0
2009/06/04,0.0,0.0,-2865.0,-2865.0,0.0
2009/06/05,0.0,0.0,-2489.0,-2489.0,0.0
2009/06/06,0.0,0.0,-2502.0,-2502.0,0.0
2009/06/08,0.0,0.0,-3031.0,-3031.0,0.0
2009/06/09,0.0,0.0,-7100.0,-7100.0,0.0
2009/06/10,0.0,0.0,-6566.0,-6566.0,0.0
2009/06/11,0.0,0.0,-5625.0,-5625.0,0.0
2009/06/12,0.0,0.0,-2485.0,-2485.0,0.0
2009/06/15,0.0,27.0,0.0,27.0,0.0
2009/06/16,0.0,0.0,-137.0,-137.0,0.0
2009/06/17,0.0,2595.0,0.0,2595.0,0.0
2009/06/18,0.0,2216.0,0.0,2216.0,0.0
2009/06/19,0.0,2366.0,0.0,2366.0,0.0
2009/06/22,0.0,2858.0,0.0,2858.0,0.0
2009/06/23,0.0,4924.0,0.0,4924.0,0.0
2009/06/24,0.0,2009.0,0.0,2009.0,0.0
2009/06/25,0.0,3691.0,0.0,3691.0,0.0
2009/06/26,0.0,4017.0,0.0,4017.0,0.0
2009/06/29,0.0,4960.0,0.0,4960.0,0.0
2009/06/30,0.0,5422.0,0.0,5422.0,0.0
2009/07/01,0.0,5869.0,0.0,5869.0,0.0
2009/07/02,0.0,4951.0,0.0,4951.0,0.0
2009/07/03,0.0,4180.0,0.0,4180.0,0.0
2009/07/06,0.0,4882.0,0.0,4882.0,0.0
2009/07/07,0.0,4188.0,0.0,4188.0,0.0
2009/07/08,0.0,2537.0,0.0,2537.0,0.0
2009/07/09,0.0,0.0,-907.0,-907.0,0.0
2009/07/10,0.0,833.0,0.0,833.0,0.0
2009/07/13,0.0,0.0,-466.0,-466.0,0.0
2009/07/14,0.0,524.0,0.0,524.0,0.0
2009/07/15,0.0,3401.0,0.0,3401.0,0.0
2009/07/16,0.0,3370.0,0.0,3370.0,0.0
2009/07/17,0.0,4088.0,0.0,4088.0,0.0
2009/07/20,0.0,4464.0,0.0,4464.0,0.0
2009/07/21,0.0,6317.0,0.0,6317.0,0.0
2009/07/22,0.0,6616.0,0.0,6616.0,0.0
2009/07/23,0.0,6851.0,0.0,6851.0,0.0
2009/07/24,0.0,5914.0,0.0,5914.0,0.0
2009/07/27,0.0,6546.0,0.0,6546.0,0.0
2009/07/28,0.0,8404.0,0.0,8404.0,0.0
2009/07/29,0.0,6185.0,0.0,6185.0,0.0
2009/07/30,0.0,5105.0,0.0,5105.0,0.0
2009/07/31,0.0,5078.0,0.0,5078.0,0.0
2009/08/03,0.0,2058.0,0.0,2058.0,0.0
2009/08/04,0.0,4510.0,0.0,4510.0,0.0
2009/08/05,0.0,6237.0,0.0,6237.0,0.0
2009/08/06,0.0,6368.0,0.0,6368.0,0.0
2009/08/10,0.0,6450.0,0.0,6450.0,0.0
2009/08/11,0.0,6989.0,0.0,6989.0,0.0
2009/08/12,0.0,6462.0,0.0,6462.0,0.0
2009/08/13,0.0,9590.0,0.0,9590.0,0.0
2009/08/14,0.0,9397.0,0.0,9397.0,0.0
2009/08/17,0.0,6998.0,0.0,6998.0,0.0
2009/08/18,0.0,4858.0,0.0,4858.0,0.0
2009/08/19,0.0,8697.0,0.0,8697.0,0.0
2009/08/20,0.0,7576.0,0.0,7576.0,0.0
2009/08/21,0.0,9709.0,0.0,9709.0,0.0
2009/08/24,0.0,13652.0,0.0,13652.0,0.0
2009/08/25,0.0,14957.0,0.0,14957.0,0.0
2009/08/26,0.0,16038.0,0.0,16038.0,0.0
2009/08/27,0.0,16183.0,0.0,16183.0,0.0
2009/08/28,0.0,15973.0,0.0,15973.0,0.0
2009/08/31,0.0,17467.0,0.0,17467.0,0.0
2009/09/01,0.0,18759.0,0.0,18759.0,0.0
2009/09/02,0.0,15503.0,0.0,15503.0,0.0
2009/09/03,0.0,15987.0,0.0,15987.0,0.0
2009/09/04,0.0,16697.0,0.0,16697.0,0.0
2009/09/07,0.0,15660.0,0.0,15660.0,0.0
2009/09/08,0.0,14095.0,0.0,14095.0,0.0
2009/09/09,0.0,14420.0,0.0,14420.0,0.0
2009/09/10,0.0,3869.0,0.0,3869.0,0.0
2009/09/11,0.0,3145.0,0.0,3145.0,0.0
2009/09/14,0.0,4204.0,0.0,4204.0,0.0
2009/09/15,0.0,3488.0,0.0,3488.0,0.0
2009/09/16,0.0,2795.0,0.0,2795.0,0.0
2009/09/17,0.0,0.0,-785.0,-785.0,0.0
2009/09/18,0.0,789.0,0.0,789.0,0.0
2009/09/21,0.0,1204.0,0.0,1204.0,0.0
2009/09/22,0.0,1152.0,0.0,1152.0,0.0
2009/09/23,0.0,362.0,0.0,362.0,0.0
2009/09/24,0.0,1129.0,0.0,1129.0,0.0
2009/09/25,0.0,2888.0,0.0,2888.0,0.0
2009/09/28,0.0,2553.0,0.0,2553.0,0.0
2009/09/29,0.0,1524.0,0.0,1524.0,0.0
2009/09/30,0.0,942.0,0.0,942.0,0.0
2009/10/01,0.0,56.0,0.0,56.0,0.0
2009/10/02,0.0,0.0,-4439.0,-4439.0,0.0
2009/10/05,0.0,0.0,-1810.0,-1810.0,0.0
2009/10/06,0.0,0.0,-890.0,-890.0,0.0
2009/10/07,0.0,0.0,-389.0,-389.0,0.0
2009/10/08,0.0,0.0,-1694.0,-1694.0,0.0
2009/10/09,0.0,0.0,-359.0,-359.0,0.0
2009/10/12,0.0,0.0,-991.0,-991.0,0.0
2009/10/13,0.0,982.0,0.0,982.0,0.0
2009/10/14,0.0,2824.0,0.0,2824.0,0.0
2009/10/15,0.0,0.0,-3001.0,-3001.0,0.0
2009/10/16,0.0,0.0,-4731.0,-4731.0,0.0
2009/10/19,0.0,0.0,-2792.0,-2792.0,0.0
2009/10/20,0.0,0.0,-4510.0,-4510.0,0.0
2009/10/21,0.0,0.0,-1355.0,-1355.0,0.0
2009/10/22,0.0,0.0,-1762.0,-1762.0,0.0
2009/10/23,0.0,0.0,-162.0,-162.0,0.0
2009/10/26,0.0,1943.0,0.0,1943.0,0.0
2009/10/27,0.0,363.0,0.0,363.0,0.0
2009/10/28,0.0,0.0,-5959.0,-5959.0,0.0
2009/10/29,0.0,0.0,-9658.0,-9658.0,0.0
2009/10/30,0.0,0.0,-6746.0,-6746.0,0.0
2009/11/02,0.0,0.0,-3703.0,-3703.0,0.0
2009/11/03,0.0,0.0,-3809.0,-3809.0,0.0
2009/11/04,0.0,0.0,-2326.0,-2326.0,0.0
2009/11/05,0.0,0.0,-2145.0,-2145.0,0.0
2009/11/06,0.0,0.0,-3677.0,-3677.0,0.0
2009/11/09,0.0,0.0,-4318.0,-4318.0,0.0
2009/11/10,0.0,0.0,-5288.0,-5288.0,0.0
2009/11/11,0.0,0.0,-5615.0,-5615.0,0.0
2009/11/12,0.0,0.0,-4881.0,-4881.0,0.0
2009/11/13,0.0,0.0,-6800.0,-6800.0,0.0
2009/11/16,0.0,0.0,-6239.0,-6239.0,0.0
2009/11/17,0.0,0.0,-8187.0,-8187.0,0.0
2009/11/18,0.0,0.0,-5460.0,-5460.0,0.0
2009/11/19,0.0,0.0,-5625.0,-5625.0,0.0
2009/11/20,0.0,0.0,-4730.0,-4730.0,0.0
2009/11/23,0.0,0.0,-5664.0,-5664.0,0.0
2009/11/24,0.0,0.0,-6138.0,-6138.0,0.0
2009/11/25,0.0,0.0,-6019.0,-6019.0,0.0
2009/11/26,0.0,0.0,-7838.0,-7838.0,0.0
2009/11/27,0.0,0.0,-10086.0,-10086.0,0.0
2009/11/30,0.0,0.0,-8750.0,-8750.0,0.0
2009/12/01,0.0,0.0,-4991.0,-4991.0,0.0
2009/12/02,0.0,0.0,-5951.0,-5951.0,0.0
2009/12/03,0.0,0.0,-6882.0,-6882.0,0.0
2009/12/04,0.0,0.0,-7015.0,-7015.0,0.0
2009/12/07,0.0,0.0,-5152.0,-5152.0,0.0
2009/12/08,0.0,0.0,-6098.0,-6098.0,0.0
2009/12/09,0.0,0.0,-6281.0,-6281.0,0.0
2009/12/10,0.0,0.0,-4702.0,-4702.0,0.0
2009/12/11,0.0,0.0,-1792.0,-1792.0,0.0
2009/12/14,0.0,0.0,-962.0,-962.0,0.0
2009/12/15,0.0,0.0,-3392.0,-3392.0,0.0
2009/12/16,0.0,853.0,0.0,853.0,0.0
2009/12/17,0.0,2027.0,0.0,2027.0,0.0
2009/12/18,0.0,2658.0,0.0,2658.0,0.0
2009/12/21,0.0,3249.0,0.0,3249.0,0.0
2009/12/22,0.0,5413.0,0.0,5413.0,0.0
2009/12/23,0.0,5840.0,0.0,5840.0,0.0
2009/12/24,0.0,6916.0,0.0,6916.0,0.0
2009/12/25,0.0,7338.0,0.0,7338.0,0.0
2009/12/28,0.0,6113.0,0.0,6113.0,0.0
2009/12/29,0.0,5193.0,0.0,5193.0,0.0
2009/12/30,0.0,4970.0,0.0,4970.0,0.0
2009/12/31,0.0,2798.0,0.0,2798.0,0.0
2010/01/04,0.0,2645.0,0.0,2645.0,0.0
2010/01/05,0.0,2356.0,0.0,2356.0,0.0
2010/01/06,0.0,3990.0,0.0,3990.0,0.0
2010/01/07,0.0,0.0,-3326.0,-3326.0,0.0
2010/01/08,0.0,0.0,-4730.0,-4730.0,0.0
2010/01/11,0.0,0.0,-2283.0,-2283.0,0.0
2010/01/12,0.0,0.0,-3338.0,-3338.0,0.0
2010/01/13,0.0,0.0,-6097.0,-6097.0,0.0
2010/01/14,0.0,0.0,-6131.0,-6131.0,0.0
2010/01/15,0.0,0.0,-6685.0,-6685.0,0.0
2010/01/18,0.0,0.0,-9775.0,-9775.0,0.0
2010/01/19,0.0,0.0,-11849.0,-11849.0,0.0
2010/01/20,0.0,0.0,-5921.0,-5921.0,0.0
2010/01/21,0.0,0.0,-13234.0,-13234.0,0.0
2010/01/22,0.0,0.0,-18412.0,-18412.0,0.0
2010/01/25,0.0,0.0,-20940.0,-20940.0,0.0
2010/01/26,0.0,0.0,-15414.0,-15414.0,0.0
2010/01/27,0.0,0.0,-15959.0,-15959.0,0.0
2010/01/28,0.0,0.0,-13863.0,-13863.0,0.0
2010/01/29,0.0,0.0,-12754.0,-12754.0,0.0
2010/02/01,0.0,0.0,-12249.0,-12249.0,0.0
2010/02/02,0.0,0.0,-6131.0,-6131.0,0.0
2010/02/03,0.0,0.0,-6728.0,-6728.0,0.0
2010/02/04,0.0,0.0,-4566.0,-4566.0,0.0
2010/02/05,0.0,0.0,-2709.0,-2709.0,0.0
2010/02/06,0.0,0.0,-3831.0,-3831.0,0.0
2010/02/08,0.0,0.0,-749.0,-749.0,0.0
2010/02/09,0.0,0.0,-1217.0,-1217.0,0.0
2010/02/10,0.0,934.0,0.0,934.0,0.0
2010/02/22,0.0,0.0,-3023.0,-3023.0,0.0
2010/02/23,0.0,0.0,-3201.0,-3201.0,0.0
2010/02/24,0.0,0.0,-2163.0,-2163.0,0.0
2010/02/25,0.0,277.0,0.0,277.0,0.0
2010/02/26,0.0,0.0,-793.0,-793.0,0.0
2010/03/01,0.0,894.0,0.0,894.0,0.0
2010/03/02,0.0,92.0,0.0,92.0,0.0
2010/03/03,0.0,61.0,0.0,61.0,0.0
2010/03/04,0.0,3376.0,0.0,3376.0,0.0
2010/03/05,0.0,2554.0,0.0,2554.0,0.0
2010/03/08,0.0,4177.0,0.0,4177.0,0.0
2010/03/09,0.0,3975.0,0.0,3975.0,0.0
2010/03/10,0.0,3064.0,0.0,3064.0,0.0
2010/03/11,0.0,2673.0,0.0,2673.0,0.0
2010/03/12,0.0,1335.0,0.0,1335.0,0.0
2010/03/15,0.0,1870.0,0.0,1870.0,0.0
2010/03/16,0.0,3441.0,0.0,3441.0,0.0
2010/03/17,0.0,0.0,-124.0,-124.0,0.0
2010/03/18,0.0,0.0,-4059.0,-4059.0,0.0
2010/03/19,0.0,0.0,-3214.0,-3214.0,0.0
2010/03/22,0.0,0.0,-4018.0,-4018.0,0.0
2010/03/23,0.0,0.0,-3210.0,-3210.0,0.0
2010/03/24,0.0,0.0,-3999.0,-3999.0,0.0
2010/03/25,0.0,0.0,-5949.0,-5949.0,0.0
2010/03/26,0.0,1585.0,0.0,1585.0,0.0
2010/03/29,0.0,124.0,0.0,124.0,0.0
2010/03/30,0.0,0.0,-1095.0,-1095.0,0.0
2010/03/31,0.0,0.0,-951.0,-951.0,0.0
2010/04/01,0.0,0.0,-940.0,-940.0,0.0
2010/04/02,0.0,0.0,-546.0,-546.0,0.0
2010/04/06,0.0,1365.0,0.0,1365.0,0.0
2010/04/07,0.0,0.0,-902.0,-902.0,0.0
2010/04/08,0.0,0.0,-2275.0,-2275.0,0.0
2010/04/09,0.0,0.0,-3957.0,-3957.0,0.0
2010/04/12,0.0,0.0,-6156.0,-6156.0,0.0
2010/04/13,0.0,0.0,-6573.0,-6573.0,0.0
2010/04/14,0.0,0.0,-4761.0,-4761.0,0.0
2010/04/15,0.0,0.0,-3554.0,-3554.0,0.0
2010/04/16,0.0,0.0,-4985.0,-4985.0,0.0
2010/04/19,0.0,0.0,-7464.0,-7464.0,0.0
2010/04/20,0.0,0.0,-3868.0,-3868.0,0.0
2010/04/21,0.0,1345.0,0.0,1345.0,0.0
2010/04/22,0.0,3053.0,0.0,3053.0,0.0
2010/04/23,0.0,3997.0,0.0,3997.0,0.0
2010/04/26,0.0,1537.0,0.0,1537.0,0.0
2010/04/27,0.0,0.0,-201.0,-201.0,0.0
2010/04/28,0.0,0.0,-3094.0,-3094.0,0.0
2010/04/29,0.0,268.0,0.0,268.0,0.0
2010/04/30,0.0,0.0,-1956.0,-1956.0,0.0
2010/05/03,0.0,0.0,-3824.0,-3824.0,0.0
2010/05/04,0.0,0.0,-3630.0,-3630.0,0.0
2010/05/05,0.0,0.0,-5406.0,-5406.0,0.0
2010/05/06,0.0,0.0,-2265.0,-2265.0,0.0
2010/05/07,0.0,2.0,0.0,2.0,0.0
2010/05/10,0.0,3803.0,0.0,3803.0,0.0
2010/05/11,0.0,7401.0,0.0,7401.0,0.0
2010/05/12,0.0,8110.0,0.0,8110.0,0.0
2010/05/13,0.0,8580.0,0.0,8580.0,0.0
2010/05/14,0.0,7212.0,0.0,7212.0,0.0
2010/05/17,0.0,7815.0,0.0,7815.0,0.0
2010/05/18,0.0,6763.0,0.0,6763.0,0.0
2010/05/19,0.0,484.0,0.0,484.0,0.0
2010/05/20,0.0,2708.0,0.0,2708.0,0.0
2010/05/21,0.0,8021.0,0.0,8021.0,0.0
2010/05/24,0.0,7720.0,0.0,7720.0,0.0
2010/05/25,0.0,8853.0,0.0,8853.0,0.0
2010/05/26,0.0,6172.0,0.0,6172.0,0.0
2010/05/27,0.0,6551.0,0.0,6551.0,0.0
2010/05/28,0.0,9329.0,0.0,9329.0,0.0
2010/05/31,0.0,10981.0,0.0,10981.0,0.0
2010/06/01,0.0,13597.0,0.0,13597.0,0.0
2010/06/02,0.0,16423.0,0.0,16423.0,0.0
2010/06/03,0.0,18538.0,0.0,18538.0,0.0
2010/06/04,0.0,17096.0,0.0,17096.0,0.0
2010/06/07,0.0,19682.0,0.0,19682.0,0.0
2010/06/08,0.0,19505.0,0.0,19505.0,0.0
2010/06/09,0.0,20192.0,0.0,20192.0,0.0
2010/06/10,0.0,18679.0,0.0,18679.0,0.0
2010/06/11,0.0,15752.0,0.0,15752.0,0.0
2010/06/14,0.0,16082.0,0.0,16082.0,0.0
2010/06/15,0.0,13417.0,0.0,13417.0,0.0
2010/06/17,0.0,10957.0,0.0,10957.0,0.0
2010/06/18,0.0,11282.0,0.0,11282.0,0.0
2010/06/21,0.0,10010.0,0.0,10010.0,0.0
2010/06/22,0.0,8549.0,0.0,8549.0,0.0
2010/06/23,0.0,3493.0,0.0,3493.0,0.0
2010/06/24,0.0,3928.0,0.0,3928.0,0.0
2010/06/25,0.0,4796.0,0.0,4796.0,0.0
2010/06/28,0.0,6463.0,0.0,6463.0,0.0
2010/06/29,0.0,3440.0,0.0,3440.0,0.0
2010/06/30,0.0,7569.0,0.0,7569.0,0.0
2010/07/01,0.0,7698.0,0.0,7698.0,0.0
2010/07/02,0.0,9112.0,0.0,9112.0,0.0
2010/07/05,0.0,9817.0,0.0,9817.0,0.0
2010/07/06,0.0,7678.0,0.0,7678.0,0.0
2010/07/07,0.0,8215.0,0.0,8215.0,0.0
2010/07/08,0.0,6696.0,0.0,6696.0,0.0
2010/07/09,0.0,7211.0,0.0,7211.0,0.0
2010/07/12,0.0,8409.0,0.0,8409.0,0.0
2010/07/13,0.0,9459.0,0.0,9459.0,0.0
2010/07/14,0.0,10475.0,0.0,10475.0,0.0
2010/07/15,0.0,9822.0,0.0,9822.0,0.0
2010/07/16,0.0,9617.0,0.0,9617.0,0.0
2010/07/19,0.0,7376.0,0.0,7376.0,0.0
2010/07/20,0.0,6777.0,0.0,6777.0,0.0
2010/07/21,0.0,6620.0,0.0,6620.0,0.0
2010/07/22,0.0,7436.0,0.0,7436.0,0.0
2010/07/23,0.0,8065.0,0.0,8065.0,0.0
2010/07/26,0.0,7082.0,0.0,7082.0,0.0
2010/07/27,0.0,2139.0,0.0,2139.0,0.0
2010/07/28,0.0,8085.0,0.0,8085.0,0.0
2010/07/29,0.0,6234.0,0.0,6234.0,0.0
2010/07/30,0.0,8197.0,0.0,8197.0,0.0
2010/08/02,0.0,8127.0,0.0,8127.0,0.0
2010/08/03,0.0,7024.0,0.0,7024.0,0.0
2010/08/04,0.0,7524.0,0.0,7524.0,0.0
2010/08/05,0.0,5669.0,0.0,5669.0,0.0
2010/08/06,0.0,5060.0,0.0,5060.0,0.0
2010/08/09,0.0,7123.0,0.0,7123.0,0.0
2010/08/10,0.0,4967.0,0.0,4967.0,0.0
2010/08/11,0.0,4142.0,0.0,4142.0,0.0
2010/08/12,0.0,1932.0,0.0,1932.0,0.0
2010/08/13,0.0,2949.0,0.0,2949.0,0.0
2010/08/16,0.0,4017.0,0.0,4017.0,0.0
2010/08/17,0.0,5527.0,0.0,5527.0,0.0
2010/08/18,0.0,2842.0,0.0,2842.0,0.0
2010/08/19,0.0,4209.0,0.0,4209.0,0.0
2010/08/20,0.0,3511.0,0.0,3511.0,0.0
2010/08/23,0.0,2849.0,0.0,2849.0,0.0
2010/08/24,0.0,0.0,-462.0,-462.0,0.0
2010/08/25,0.0,0.0,-2557.0,-2557.0,0.0
2010/08/26,0.0,0.0,-1742.0,-1742.0,0.0
2010/08/27,0.0,0.0,-1640.0,-1640.0,0.0
2010/08/30,0.0,1011.0,0.0,1011.0,0.0
2010/08/31,0.0,355.0,0.0,355.0,0.0
2010/09/01,0.0,1789.0,0.0,1789.0,0.0
2010/09/02,0.0,3425.0,0.0,3425.0,0.0
2010/09/03,0.0,5344.0,0.0,5344.0,0.0
2010/09/06,0.0,5191.0,0.0,5191.0,0.0
2010/09/07,0.0,6438.0,0.0,6438.0,0.0
2010/09/08,0.0,5519.0,0.0,5519.0,0.0
2010/09/09,0.0,3883.0,0.0,3883.0,0.0
2010/09/10,0.0,5268.0,0.0,5268.0,0.0
2010/09/13,0.0,796.0,0.0,796.0,0.0
2010/09/14,0.0,1101.0,0.0,1101.0,0.0
2010/09/15,0.0,660.0,0.0,660.0,0.0
2010/09/16,0.0,0.0,-3487.0,-3487.0,0.0
2010/09/17,0.0,0.0,-4221.0,-4221.0,0.0
2010/09/20,0.0,0.0,-3392.0,-3392.0,0.0
2010/09/21,0.0,0.0,-6226.0,-6226.0,0.0
2010/09/23,0.0,0.0,-5712.0,-5712.0,0.0
2010/09/24,0.0,0.0,-8547.0,-8547.0,0.0
2010/09/27,0.0,0.0,-9717.0,-9717.0,0.0
2010/09/28,0.0,0.0,-6539.0,-6539.0,0.0
2010/09/29,0.0,0.0,-8521.0,-8521.0,0.0
2010/09/30,0.0,0.0,-7406.0,-7406.0,0.0
2010/10/01,0.0,0.0,-9036.0,-9036.0,0.0
2010/10/04,0.0,0.0,-9935.0,-9935.0,0.0
2010/10/05,0.0,0.0,-8460.0,-8460.0,0.0
2010/10/06,0.0,0.0,-8668.0,-8668.0,0.0
2010/10/07,0.0,0.0,-8984.0,-8984.0,0.0
2010/10/08,0.0,0.0,-10897.0,-10897.0,0.0
2010/10/11,0.0,0.0,-10456.0,-10456.0,0.0
2010/10/12,0.0,0.0,-9575.0,-9575.0,0.0
2010/10/13,0.0,0.0,-8443.0,-8443.0,0.0
2010/10/14,0.0,0.0,-7672.0,-7672.0,0.0
2010/10/15,0.0,0.0,-8688.0,-8688.0,0.0
2010/10/18,0.0,0.0,-11059.0,-11059.0,0.0
2010/10/19,0.0,0.0,-10522.0,-10522.0,0.0
2010/10/20,0.0,0.0,-3773.0,-3773.0,0.0
2010/10/21,0.0,0.0,-5511.0,-5511.0,0.0
2010/10/22,0.0,0.0,-2271.0,-2271.0,0.0
2010/10/25,0.0,0.0,-1708.0,-1708.0,0.0
2010/10/26,0.0,0.0,-1985.0,-1985.0,0.0
2010/10/27,0.0,0.0,-433.0,-433.0,0.0
2010/10/28,0.0,0.0,-661.0,-661.0,0.0
2010/10/29,0.0,0.0,-1053.0,-1053.0,0.0
2010/11/01,0.0,0.0,-1355.0,-1355.0,0.0
2010/11/02,0.0,0.0,-4830.0,-4830.0,0.0
2010/11/03,0.0,0.0,-5759.0,-5759.0,0.0
2010/11/04,0.0,0.0,-6443.0,-6443.0,0.0
2010/11/05,0.0,0.0,-8440.0,-8440.0,0.0
2010/11/08,0.0,0.0,-9904.0,-9904.0,0.0
2010/11/09,0.0,0.0,-8827.0,-8827.0,0.0
2010/11/10,0.0,0.0,-10347.0,-10347.0,0.0
2010/11/11,0.0,0.0,-11676.0,-11676.0,0.0
2010/11/12,0.0,0.0,-13963.0,-13963.0,0.0
2010/11/15,0.0,0.0,-13193.0,-13193.0,0.0
2010/11/16,0.0,0.0,-10456.0,-10456.0,0.0
2010/11/17,0.0,0.0,-9441.0,-9441.0,0.0
2010/11/18,0.0,0.0,-13624.0,-13624.0,0.0
2010/11/19,0.0,0.0,-13107.0,-13107.0,0.0
2010/11/22,0.0,0.0,-10251.0,-10251.0,0.0
2010/11/23,0.0,0.0,-10671.0,-10671.0,0.0
2010/11/24,0.0,0.0,-11502.0,-11502.0,0.0
2010/11/25,0.0,0.0,-11005.0,-11005.0,0.0
2010/11/26,0.0,0.0,-10082.0,-10082.0,0.0
2010/11/29,0.0,0.0,-4992.0,-4992.0,0.0
2010/11/30,0.0,0.0,-2390.0,-2390.0,0.0
2010/12/01,0.0,0.0,-148.0,-148.0,0.0
2010/12/02,0.0,0.0,-4269.0,-4269.0,0.0
2010/12/03,0.0,0.0,-2146.0,-2146.0,0.0
2010/12/06,0.0,0.0,-3318.0,-3318.0,0.0
2010/12/07,0.0,0.0,-4695.0,-4695.0,0.0
2010/12/08,0.0,0.0,-3985.0,-3985.0,0.0
2010/12/09,0.0,0.0,-8003.0,-8003.0,0.0
2010/12/10,0.0,0.0,-11586.0,-11586.0,0.0
2010/12/13,0.0,0.0,-10425.0,-10425.0,0.0
2010/12/14,0.0,0.0,-14755.0,-14755.0,0.0
2010/12/15,0.0,0.0,-3312.0,-3312.0,0.0
2010/12/16,0.0,0.0,-6120.0,-6120.0,0.0
2010/12/17,0.0,0.0,-4692.0,-4692.0,0.0
2010/12/20,0.0,0.0,-5734.0,-5734.0,0.0
2010/12/21,0.0,0.0,-4285.0,-4285.0,0.0
2010/12/22,0.0,0.0,-5421.0,-5421.0,0.0
2010/12/23,0.0,0.0,-4617.0,-4617.0,0.0
2010/12/24,0.0,0.0,-7111.0,-7111.0,0.0
2010/12/27,0.0,0.0,-8706.0,-8706.0,0.0
2010/12/28,0.0,0.0,-9843.0,-9843.0,0.0
2010/12/29,0.0,0.0,-10176.0,-10176.0,0.0
2010/12/30,0.0,0.0,-10751.0,-10751.0,0.0
2010/12/31,0.0,0.0,-11426.0,-11426.0,0.0
2011/01/03,0.0,0.0,-12611.0,-12611.0,0.0
2011/01/04,0.0,0.0,-14207.0,-14207.0,0.0
2011/01/05,0.0,0.0,-15303.0,-15303.0,0.0
2011/01/06,0.0,0.0,-15135.0,-15135.0,0.0
2011/01/07,0.0,0.0,-11883.0,-11883.0,0.0
2011/01/10,0.0,0.0,-9186.0,-9186.0,0.0
2011/01/11,0.0,0.0,-7542.0,-7542.0,0.0
2011/01/12,0.0,0.0,-11930.0,-11930.0,0.0
2011/01/13,0.0,0.0,-12340.0,-12340.0,0.0
2011/01/14,0.0,0.0,-12655.0,-12655.0,0.0
2011/01/17,0.0,0.0,-14739.0,-14739.0,0.0
2011/01/18,0.0,0.0,-15003.0,-15003.0,0.0
2011/01/19,0.0,0.0,-6522.0,-6522.0,0.0
2011/01/20,0.0,0.0,-9557.0,-9557.0,0.0
2011/01/21,0.0,0.0,-11890.0,-11890.0,0.0
2011/01/24,0.0,0.0,-11236.0,-11236.0,0.0
2011/01/25,0.0,0.0,-12344.0,-12344.0,0.0
2011/01/26,0.0,0.0,-9456.0,-9456.0,0.0
2011/01/27,0.0,0.0,-10440.0,-10440.0,0.0
2011/01/28,0.0,0.0,-12201.0,-12201.0,0.0
2011/02/08,0.0,0.0,-16836.0,-16836.0,0.0
2011/02/09,0.0,0.0,-21273.0,-21273.0,0.0
2011/02/10,0.0,0.0,-26440.0,-26440.0,0.0
2011/02/11,0.0,0.0,-19987.0,-19987.0,0.0
2011/02/14,0.0,0.0,-16296.0,-16296.0,0.0
2011/02/15,0.0,0.0,-12142.0,-12142.0,0.0
2011/02/16,0.0,0.0,-12433.0,-12433.0,0.0
2011/02/17,0.0,0.0,-8085.0,-8085.0,0.0
2011/02/18,0.0,0.0,-8682.0,-8682.0,0.0
2011/02/21,0.0,0.0,-8023.0,-8023.0,0.0
2011/02/22,0.0,0.0,-5299.0,-5299.0,0.0
2011/02/23,0.0,0.0,-5160.0,-5160.0,0.0
2011/02/24,0.0,0.0,-3835.0,-3835.0,0.0
2011/02/25,0.0,0.0,-5146.0,-5146.0,0.0
2011/03/01,0.0,0.0,-3553.0,-3553.0,0.0
2011/03/02,0.0,0.0,-532.0,-532.0,0.0
2011/03/03,0.0,219.0,0.0,219.0,0.0
2011/03/04,0.0,1449.0,0.0,1449.0,0.0
2011/03/07,0.0,726.0,0.0,726.0,0.0
2011/03/08,0.0,0.0,-418.0,-418.0,0.0
2011/03/09,0.0,2209.0,0.0,2209.0,0.0
2011/03/10,0.0,0.0,-2529.0,-2529.0,0.0
2011/03/11,0.0,0.0,-800.0,-800.0,0.0
2011/03/14,0.0,1589.0,0.0,1589.0,0.0
2011/03/15,0.0,13704.0,0.0,13704.0,0.0
2011/03/16,0.0,5695.0,0.0,5695.0,0.0
2011/03/17,0.0,7287.0,0.0,7287.0,0.0
2011/03/18,0.0,6601.0,0.0,6601.0,0.0
2011/03/21,0.0,9183.0,0.0,9183.0,0.0
2011/03/22,0.0,11294.0,0.0,11294.0,0.0
2011/03/23,0.0,13994.0,0.0,13994.0,0.0
2011/03/24,0.0,15183.0,0.0,15183.0,0.0
2011/03/25,0.0,18932.0,0.0,18932.0,0.0
2011/03/28,0.0,18312.0,0.0,18312.0,0.0
2011/03/29,0.0,18233.0,0.0,18233.0,0.0
2011/03/30,0.0,19113.0,0.0,19113.0,0.0
2011/03/31,0.0,20066.0,0.0,20066.0,0.0
2011/04/01,0.0,20860.0,0.0,20860.0,0.0
2011/04/06,0.0,20657.0,0.0,20657.0,0.0
2011/04/07,0.0,20448.0,0.0,20448.0,0.0
2011/04/08,0.0,16653.0,0.0,16653.0,0.0
2011/04/11,0.0,17957.0,0.0,17957.0,0.0
2011/04/12,0.0,16238.0,0.0,16238.0,0.0
2011/04/13,0.0,16210.0,0.0,16210.0,0.0
2011/04/14,0.0,12141.0,0.0,12141.0,0.0
2011/04/15,0.0,13094.0,0.0,13094.0,0.0
2011/04/18,0.0,16023.0,0.0,16023.0,0.0
2011/04/19,0.0,10419.0,0.0,10419.0,0.0
2011/04/20,0.0,10708.0,0.0,10708.0,0.0
2011/04/21,0.0,9674.0,0.0,9674.0,0.0
2011/04/22,0.0,5940.0,0.0,5940.0,0.0
2011/04/25,0.0,4853.0,0.0,4853.0,0.0
2011/04/26,0.0,5197.0,0.0,5197.0,0.0
2011/04/27,0.0,4062.0,0.0,4062.0,0.0
2011/04/28,0.0,3983.0,0.0,3983.0,0.0
2011/04/29,0.0,3047.0,0.0,3047.0,0.0
2011/05/03,0.0,718.0,0.0,718.0,0.0
2011/05/04,0.0,413.0,0.0,413.0,0.0
2011/05/05,0.0,1743.0,0.0,1743.0,0.0
2011/05/06,0.0,1351.0,0.0,1351.0,0.0
2011/05/09,0.0,953.0,0.0,953.0,0.0
2011/05/10,0.0,0.0,-961.0,-961.0,0.0
2011/05/11,0.0,0.0,-2624.0,-2624.0,0.0
2011/05/12,0.0,0.0,-950.0,-950.0,0.0
2011/05/13,0.0,0.0,-1714.0,-1714.0,0.0
2011/05/16,0.0,0.0,-4241.0,-4241.0,0.0
2011/05/17,0.0,0.0,-5852.0,-5852.0,0.0
2011/05/18,0.0,0.0,-7746.0,-7746.0,0.0
2011/05/19,0.0,0.0,-6583.0,-6583.0,0.0
2011/05/20,0.0,0.0,-3902.0,-3902.0,0.0
2011/05/23,0.0,0.0,-4191.0,-4191.0,0.0
2011/05/24,0.0,0.0,-6275.0,-6275.0,0.0
2011/05/25,0.0,0.0,-4436.0,-4436.0,0.0
2011/05/26,0.0,0.0,-4439.0,-4439.0,0.0
2011/05/27,0.0,0.0,-2058.0,-2058.0,0.0
2011/05/30,0.0,798.0,0.0,798.0,0.0
2011/05/31,0.0,4675.0,0.0,4675.0,0.0
2011/06/01,0.0,5987.0,0.0,5987.0,0.0
2011/06/02,0.0,6046.0,0.0,6046.0,0.0
2011/06/03,0.0,3331.0,0.0,3331.0,0.0
2011/06/07,0.0,2068.0,0.0,2068.0,0.0
2011/06/08,0.0,1300.0,0.0,1300.0,0.0
2011/06/09,0.0,1183.0,0.0,1183.0,0.0
2011/06/10,0.0,0.0,-2864.0,-2864.0,0.0
2011/06/13,0.0,0.0,-979.0,-979.0,0.0
2011/06/14,0.0,0.0,-1212.0,-1212.0,0.0
2011/06/15,0.0,0.0,-8300.0,-8300.0,0.0
2011/06/16,0.0,0.0,-7810.0,-7810.0,0.0
2011/06/17,0.0,0.0,-8509.0,-8509.0,0.0
2011/06/20,0.0,0.0,-6409.0,-6409.0,0.0
2011/06/21,0.0,0.0,-9889.0,-9889.0,0.0
2011/06/22,0.0,0.0,-9922.0,-9922.0,0.0
2011/06/23,0.0,0.0,-11857.0,-11857.0,0.0
2011/06/24,0.0,0.0,-17430.0,-17430.0,0.0
2011/06/27,0.0,0.0,-17714.0,-17714.0,0.0
2011/06/28,0.0,0.0,-16430.0,-16430.0,0.0
2011/06/29,0.0,0.0,-14218.0,-14218.0,0.0
2011/06/30,0.0,0.0,-12779.0,-12779.0,0.0
2011/07/01,0.0,0.0,-10430.0,-10430.0,0.0
2011/07/04,0.0,0.0,-7761.0,-7761.0,0.0
2011/07/05,0.0,0.0,-5672.0,-5672.0,0.0
2011/07/06,0.0,0.0,-2141.0,-2141.0,0.0
2011/07/07,0.0,0.0,-3755.0,-3755.0,0.0
2011/07/08,0.0,0.0,-3459.0,-3459.0,0.0
2011/07/11,0.0,0.0,-3386.0,-3386.0,0.0
2011/07/12,0.0,0.0,-8332.0,-8332.0,0.0
2011/07/13,0.0,0.0,-8877.0,-8877.0,0.0
2011/07/14,0.0,0.0,-9824.0,-9824.0,0.0
2011/07/15,0.0,0.0,-10418.0,-10418.0,0.0
2011/07/18,0.0,0.0,-10518.0,-10518.0,0.0
2011/07/19,0.0,0.0,-9097.0,-9097.0,0.0
2011/07/20,0.0,0.0,-8246.0,-8246.0,0.0
2011/07/21,0.0,0.0,-8893.0,-8893.0,0.0
2011/07/22,0.0,0.0,-7729.0,-7729.0,0.0
2011/07/25,0.0,0.0,-10452.0,-10452.0,0.0
2011/07/26,0.0,0.0,-7493.0,-7493.0,0.0
2011/07/27,0.0,0.0,-6208.0,-6208.0,0.0
2011/07/28,0.0,0.0,-7956.0,-7956.0,0.0
2011/07/29,0.0,0.0,-11296.0,-11296.0,0.0
2011/08/01,0.0,0.0,-15444.0,-15444.0,0.0
2011/08/02,0.0,0.0,-16348.0,-16348.0,0.0
2011/08/03,0.0,0.0,-18569.0,-18569.0,0.0
2011/08/04,0.0,0.0,-25045.0,-25045.0,0.0
2011/08/05,0.0,0.0,-15757.0,-15757.0,0.0
2011/08/08,0.0,0.0,-834.0,-834.0,0.0
2011/08/09,0.0,0.0,-2202.0,-2202.0,0.0
2011/08/10,0.0,197.0,0.0,197.0,0.0
2011/08/11,0.0,1296.0,0.0,1296.0,0.0
2011/08/12,0.0,5950.0,0.0,5950.0,0.0
2011/08/15,0.0,7239.0,0.0,7239.0,0.0
2011/08/16,0.0,8483.0,0.0,8483.0,0.0
2011/08/17,0.0,0.0,-3880.0,-3880.0,0.0
2011/08/18,0.0,1141.0,0.0,1141.0,0.0
2011/08/19,0.0,6626.0,0.0,6626.0,0.0
2011/08/22,0.0,7277.0,0.0,7277.0,0.0
2011/08/23,0.0,1242.0,0.0,1242.0,0.0
2011/08/24,0.0,0.0,-110.0,-110.0,0.0
2011/08/25,0.0,174.0,0.0,174.0,0.0
2011/08/26,0.0,2707.0,0.0,2707.0,0.0
2011/08/29,0.0,0.0,-1785.0,-1785.0,0.0
2011/08/30,0.0,2473.0,0.0,2473.0,0.0
2011/08/31,0.0,4156.0,0.0,4156.0,0.0
2011/09/01,0.0,6901.0,0.0,6901.0,0.0
2011/09/02,0.0,5787.0,0.0,5787.0,0.0
2011/09/05,0.0,7987.0,0.0,7987.0,0.0
2011/09/06,0.0,8826.0,0.0,8826.0,0.0
2011/09/07,0.0,5552.0,0.0,5552.0,0.0
2011/09/08,0.0,5926.0,0.0,5926.0,0.0
2011/09/09,0.0,7432.0,0.0,7432.0,0.0
2011/09/13,0.0,6685.0,0.0,6685.0,0.0
2011/09/14,0.0,10196.0,0.0,10196.0,0.0
2011/09/15,0.0,9629.0,0.0,9629.0,0.0
2011/09/16,0.0,10030.0,0.0,10030.0,0.0
2011/09/19,0.0,9025.0,0.0,9025.0,0.0
2011/09/20,0.0,8212.0,0.0,8212.0,0.0
2011/09/21,0.0,4406.0,0.0,4406.0,0.0
2011/09/22,0.0,4113.0,0.0,4113.0,0.0
2011/09/23,0.0,1384.0,0.0,1384.0,0.0
2011/09/26,0.0,3214.0,0.0,3214.0,0.0
2011/09/27,0.0,5878.0,0.0,5878.0,0.0
2011/09/28,0.0,5182.0,0.0,5182.0,0.0
2011/09/29,0.0,7293.0,0.0,7293.0,0.0
2011/09/30,0.0,8297.0,0.0,8297.0,0.0
2011/10/03,0.0,10768.0,0.0,10768.0,0.0
2011/10/04,0.0,11604.0,0.0,11604.0,0.0
2011/10/05,0.0,5369.0,0.0,5369.0,0.0
2011/10/06,0.0,8019.0,0.0,8019.0,0.0
2011/10/07,0.0,6077.0,0.0,6077.0,0.0
2011/10/11,0.0,6169.0,0.0,6169.0,0.0
2011/10/12,0.0,3502.0,0.0,3502.0,0.0
2011/10/13,0.0,446.0,0.0,446.0,0.0
2011/10/14,0.0,1303.0,0.0,1303.0,0.0
2011/10/17,0.0,0.0,-22.0,-22.0,0.0
2011/10/18,0.0,0.0,-129.0,-129.0,0.0
2011/10/19,0.0,1860.0,0.0,1860.0,0.0
2011/10/20,0.0,0.0,-1200.0,-1200.0,0.0
2011/10/21,0.0,0.0,-726.0,-726.0,0.0
2011/10/24,0.0,3070.0,0.0,3070.0,0.0
2011/10/25,0.0,4038.0,0.0,4038.0,0.0
2011/10/26,0.0,5109.0,0.0,5109.0,0.0
2011/10/27,0.0,4240.0,0.0,4240.0,0.0
2011/10/28,0.0,4799.0,0.0,4799.0,0.0
2011/10/31,0.0,5162.0,0.0,5162.0,0.0
2011/11/01,0.0,8158.0,0.0,8158.0,0.0
2011/11/02,0.0,4649.0,0.0,4649.0,0.0
2011/11/03,0.0,38.0,0.0,38.0,0.0
2011/11/04,0.0,621.0,0.0,621.0,0.0
2011/11/07,0.0,1238.0,0.0,1238.0,0.0
2011/11/08,0.0,1400.0,0.0,1400.0,0.0
2011/11/09,0.0,3052.0,0.0,3052.0,0.0
2011/11/10,0.0,0.0,-2680.0,-2680.0,0.0
2011/11/11,0.0,0.0,-3143.0,-3143.0,0.0
2011/11/14,0.0,0.0,-176.0,-176.0,0.0
2011/11/15,0.0,1049.0,0.0,1049.0,0.0
2011/11/16,0.0,0.0,-4788.0,-4788.0,0.0
2011/11/17,0.0,0.0,-3994.0,-3994.0,0.0
2011/11/18,0.0,0.0,-10052.0,-10052.0,0.0
2011/11/21,0.0,0.0,-13161.0,-13161.0,0.0
2011/11/22,0.0,0.0,-15458.0,-15458.0,0.0
2011/11/23,0.0,0.0,-17079.0,-17079.0,0.0
2011/11/24,0.0,0.0,-21755.0,-21755.0,0.0
2011/11/25,0.0,0.0,-19429.0,-19429.0,0.0
2011/11/28,0.0,0.0,-16641.0,-16641.0,0.0
2011/11/29,0.0,0.0,-16939.0,-16939.0,0.0
2011/11/30,0.0,0.0,-11365.0,-11365.0,0.0
2011/12/01,0.0,0.0,-13639.0,-13639.0,0.0
2011/12/02,0.0,0.0,-16799.0,-16799.0,0.0
2011/12/05,0.0,0.0,-18200.0,-18200.0,0.0
2011/12/06,0.0,0.0,-14462.0,-14462.0,0.0
2011/12/07,0.0,0.0,-13078.0,-13078.0,0.0
2011/12/08,0.0,0.0,-14137.0,-14137.0,0.0
2011/12/09,0.0,0.0,-11128.0,-11128.0,0.0
2011/12/12,0.0,0.0,-11055.0,-11055.0,0.0
2011/12/13,0.0,0.0,-8968.0,-8968.0,0.0
2011/12/14,0.0,0.0,-10786.0,-10786.0,0.0
2011/12/15,0.0,0.0,-14326.0,-14326.0,0.0
2011/12/16,0.0,0.0,-12274.0,-12274.0,0.0
2011/12/19,0.0,0.0,-10673.0,-10673.0,0.0
2011/12/20,0.0,0.0,-8546.0,-8546.0,0.0
2011/12/21,0.0,0.0,-7011.0,-7011.0,0.0
2011/12/22,0.0,0.0,-6862.0,-6862.0,0.0
2011/12/23,0.0,0.0,-6166.0,-6166.0,0.0
2011/12/26,0.0,0.0,-7541.0,-7541.0,0.0
2011/12/27,0.0,0.0,-7847.0,-7847.0,0.0
2011/12/28,0.0,0.0,-7715.0,-7715.0,0.0
2011/12/29,0.0,0.0,-7760.0,-7760.0,0.0
2011/12/30,0.0,0.0,-11902.0,-11902.0,0.0
2012/01/02,0.0,0.0,-12311.0,-12311.0,0.0
2012/01/03,0.0,0.0,-8443.0,-8443.0,0.0
2012/01/04,0.0,0.0,-5341.0,-5341.0,0.0
2012/01/05,0.0,0.0,-3486.0,-3486.0,0.0
2012/01/06,0.0,0.0,-2804.0,-2804.0,0.0
2012/01/09,0.0,0.0,-2577.0,-2577.0,0.0
2012/01/10,0.0,2256.0,0.0,2256.0,0.0
2012/01/11,0.0,930.0,0.0,930.0,0.0
2012/01/12,0.0,2306.0,0.0,2306.0,0.0
2012/01/13,0.0,0.0,-581.0,-581.0,0.0
2012/01/16,0.0,0.0,-1824.0,-1824.0,0.0
2012/01/17,0.0,1684.0,0.0,1684.0,0.0
2012/01/18,0.0,4034.0,0.0,4034.0,0.0
2012/01/30,0.0,5301.0,0.0,5301.0,0.0
2012/01/31,0.0,6136.0,0.0,6136.0,0.0
2012/02/01,0.0,11475.0,0.0,11475.0,0.0
2012/02/02,0.0,10306.0,0.0,10306.0,0.0
2012/02/03,0.0,10316.0,0.0,10316.0,0.0
2012/02/04,0.0,11590.0,0.0,11590.0,0.0
2012/02/06,0.0,11982.0,0.0,11982.0,0.0
2012/02/07,0.0,15117.0,0.0,15117.0,0.0
2012/02/08,0.0,13501.0,0.0,13501.0,0.0
2012/02/09,0.0,11282.0,0.0,11282.0,0.0
2012/02/10,0.0,8512.0,0.0,8512.0,0.0
2012/02/13,0.0,9867.0,0.0,9867.0,0.0
2012/02/14,0.0,7155.0,0.0,7155.0,0.0
2012/02/15,0.0,11738.0,0.0,11738.0,0.0
2012/02/16,0.0,10632.0,0.0,10632.0,0.0
2012/02/17,0.0,8422.0,0.0,8422.0,0.0
2012/02/20,0.0,6777.0,0.0,6777.0,0.0
2012/02/21,0.0,7757.0,0.0,7757.0,0.0
2012/02/22,0.0,8415.0,0.0,8415.0,0.0
2012/02/23,0.0,6643.0,0.0,6643.0,0.0
2012/02/24,0.0,6477.0,0.0,6477.0,0.0
2012/02/29,0.0,15409.0,0.0,15409.0,0.0
2012/03/01,0.0,13521.0,0.0,13521.0,0.0
2012/03/02,0.0,9598.0,0.0,9598.0,0.0
2012/03/03,0.0,9561.0,0.0,9561.0,0.0
2012/03/05,0.0,5022.0,0.0,5022.0,0.0
2012/03/06,0.0,2595.0,0.0,2595.0,0.0
2012/03/07,0.0,6381.0,0.0,6381.0,0.0
2012/03/08,0.0,5641.0,0.0,5641.0,0.0
2012/03/09,0.0,5664.0,0.0,5664.0,0.0
2012/03/12,0.0,6200.0,0.0,6200.0,0.0
2012/03/13,0.0,12356.0,0.0,12356.0,0.0
2012/03/14,0.0,10789.0,0.0,10789.0,0.0
2012/03/15,0.0,8548.0,0.0,8548.0,0.0
2012/03/16,0.0,5176.0,0.0,5176.0,0.0
2012/03/19,0.0,7272.0,0.0,7272.0,0.0
2012/03/20,0.0,5935.0,0.0,5935.0,0.0
2012/03/21,0.0,8925.0,0.0,8925.0,0.0
2012/03/22,0.0,15147.0,0.0,15147.0,0.0
2012/03/23,0.0,9603.0,0.0,9603.0,0.0
2012/03/26,0.0,2137.0,0.0,2137.0,0.0
2012/03/27,0.0,8701.0,0.0,8701.0,0.0
2012/03/28,0.0,12406.0,0.0,12406.0,0.0
2012/03/29,0.0,917.0,0.0,917.0,0.0
2012/03/30,0.0,0.0,-489.0,-489.0,0.0
2012/04/02,0.0,2280.0,0.0,2280.0,0.0
2012/04/03,0.0,0.0,-4418.0,-4418.0,0.0
2012/04/05,0.0,0.0,-7258.0,-7258.0,0.0
2012/04/06,0.0,0.0,-2725.0,-2725.0,0.0
2012/04/09,0.0,2392.0,0.0,2392.0,0.0
2012/04/10,0.0,4591.0,0.0,4591.0,0.0
2012/04/11,0.0,6481.0,0.0,6481.0,0.0
2012/04/12,0.0,2404.0,0.0,2404.0,0.0
2012/04/13,0.0,5991.0,0.0,5991.0,0.0
2012/04/16,0.0,7534.0,0.0,7534.0,0.0
2012/04/17,0.0,82.0,0.0,82.0,0.0
2012/04/18,0.0,6070.0,0.0,6070.0,0.0
2012/04/19,0.0,9203.0,0.0,9203.0,0.0
2012/04/20,0.0,5417.0,0.0,5417.0,0.0
2012/04/23,0.0,6164.0,0.0,6164.0,0.0
2012/04/24,0.0,9784.0,0.0,9784.0,0.0
2012/04/25,0.0,8552.0,0.0,8552.0,0.0
2012/04/26,0.0,5653.0,0.0,5653.0,0.0
2012/04/27,0.0,4630.0,0.0,4630.0,0.0
2012/04/30,0.0,3334.0,0.0,3334.0,0.0
2012/05/02,0.0,7049.0,0.0,7049.0,0.0
2012/05/03,0.0,5413.0,0.0,5413.0,0.0
2012/05/04,0.0,6409.0,0.0,6409.0,0.0
2012/05/07,0.0,540.0,0.0,540.0,0.0
2012/05/08,0.0,1621.0,0.0,1621.0,0.0
2012/05/09,0.0,0.0,-114.0,-114.0,0.0
2012/05/10,0.0,1415.0,0.0,1415.0,0.0
2012/05/11,0.0,0.0,-3289.0,-3289.0,0.0
2012/05/14,0.0,1769.0,0.0,1769.0,0.0
2012/05/15,0.0,3363.0,0.0,3363.0,0.0
2012/05/16,0.0,1754.0,0.0,1754.0,0.0
2012/05/17,0.0,1482.0,0.0,1482.0,0.0
2012/05/18,0.0,2943.0,0.0,2943.0,0.0
2012/05/21,0.0,6818.0,0.0,6818.0,0.0
2012/05/22,0.0,4103.0,0.0,4103.0,0.0
2012/05/23,0.0,4513.0,0.0,4513.0,0.0
2012/05/24,0.0,3075.0,0.0,3075.0,0.0
2012/05/25,0.0,1783.0,0.0,1783.0,0.0
2012/05/28,0.0,2629.0,0.0,2629.0,0.0
2012/05/29,0.0,7472.0,0.0,7472.0,0.0
2012/05/30,0.0,1358.0,0.0,1358.0,0.0
2012/05/31,0.0,3984.0,0.0,3984.0,0.0
2012/06/01,0.0,4945.0,0.0,4945.0,0.0
2012/06/04,0.0,9322.0,0.0,9322.0,0.0
2012/06/05,0.0,11827.0,0.0,11827.0,0.0
2012/06/06,0.0,11819.0,0.0,11819.0,0.0
2012/06/07,0.0,10889.0,0.0,10889.0,0.0
2012/06/08,0.0,11056.0,0.0,11056.0,0.0
2012/06/11,0.0,9324.0,0.0,9324.0,0.0
2012/06/12,0.0,11221.0,0.0,11221.0,0.0
2012/06/13,0.0,10400.0,0.0,10400.0,0.0
2012/06/14,0.0,11008.0,0.0,11008.0,0.0
2012/06/15,0.0,12952.0,0.0,12952.0,0.0
2012/06/18,0.0,9847.0,0.0,9847.0,0.0
2012/06/19,0.0,8478.0,0.0,8478.0,0.0
2012/06/20,0.0,8488.0,0.0,8488.0,0.0
2012/06/21,0.0,6839.0,0.0,6839.0,0.0
2012/06/22,0.0,0.0,-1158.0,-1158.0,0.0
2012/06/25,0.0,0.0,-7352.0,-7352.0,0.0
2012/06/26,0.0,0.0,-4035.0,-4035.0,0.0
2012/06/27,0.0,0.0,-2050.0,-2050.0,0.0
2012/06/28,0.0,0.0,-318.0,-318.0,0.0
2012/06/29,0.0,3454.0,0.0,3454.0,0.0
2012/07/02,0.0,2561.0,0.0,2561.0,0.0
2012/07/03,0.0,9747.0,0.0,9747.0,0.0
2012/07/04,0.0,11199.0,0.0,11199.0,0.0
2012/07/05,0.0,11603.0,0.0,11603.0,0.0
2012/07/06,0.0,8992.0,0.0,8992.0,0.0
2012/07/09,0.0,8695.0,0.0,8695.0,0.0
2012/07/10,0.0,3367.0,0.0,3367.0,0.0
2012/07/11,0.0,3107.0,0.0,3107.0,0.0
2012/07/12,0.0,0.0,-4081.0,-4081.0,0.0
2012/07/13,0.0,0.0,-4604.0,-4604.0,0.0
2012/07/16,0.0,0.0,-8154.0,-8154.0,0.0
2012/07/17,0.0,0.0,-4991.0,-4991.0,0.0
2012/07/18,0.0,0.0,-8770.0,-8770.0,0.0
2012/07/19,0.0,721.0,0.0,721.0,0.0
2012/07/20,0.0,0.0,-950.0,-950.0,0.0
2012/07/23,0.0,0.0,-4840.0,-4840.0,0.0
2012/07/24,0.0,0.0,-5026.0,-5026.0,0.0
2012/07/25,0.0,0.0,-1211.0,-1211.0,0.0
2012/07/26,0.0,0.0,-998.0,-998.0,0.0
2012/07/27,0.0,2765.0,0.0,2765.0,0.0
2012/07/30,0.0,7794.0,0.0,7794.0,0.0
2012/07/31,0.0,8562.0,0.0,8562.0,0.0
2012/08/01,0.0,12660.0,0.0,12660.0,0.0
2012/08/03,0.0,10066.0,0.0,10066.0,0.0
2012/08/06,0.0,4372.0,0.0,4372.0,0.0
2012/08/07,0.0,5179.0,0.0,5179.0,0.0
2012/08/08,0.0,15090.0,0.0,15090.0,0.0
2012/08/09,0.0,20507.0,0.0,20507.0,0.0
2012/08/10,0.0,19939.0,0.0,19939.0,0.0
2012/08/13,0.0,19377.0,0.0,19377.0,0.0
2012/08/14,0.0,14280.0,0.0,14280.0,0.0
2012/08/15,0.0,11903.0,0.0,11903.0,0.0
2012/08/16,0.0,12078.0,0.0,12078.0,0.0
2012/08/17,0.0,7236.0,0.0,7236.0,0.0
2012/08/20,0.0,10539.0,0.0,10539.0,0.0
2012/08/21,0.0,12583.0,0.0,12583.0,0.0
2012/08/22,0.0,10380.0,0.0,10380.0,0.0
2012/08/23,0.0,9348.0,0.0,9348.0,0.0
2012/08/24,0.0,10358.0,0.0,10358.0,0.0
2012/08/27,0.0,3763.0,0.0,3763.0,0.0
2012/08/28,0.0,5184.0,0.0,5184.0,0.0
2012/08/29,0.0,6187.0,0.0,6187.0,0.0
2012/08/30,0.0,9670.0,0.0,9670.0,0.0
2012/08/31,0.0,8580.0,0.0,8580.0,0.0
2012/09/03,0.0,9625.0,0.0,9625.0,0.0
2012/09/04,0.0,7166.0,0.0,7166.0,0.0
2012/09/05,0.0,100.0,0.0,100.0,0.0
2012/09/06,0.0,2187.0,0.0,2187.0,0.0
2012/09/07,0.0,0.0,-439.0,-439.0,0.0
2012/09/10,0.0,5583.0,0.0,5583.0,0.0
2012/09/11,0.0,7838.0,0.0,7838.0,0.0
2012/09/12,0.0,9680.0,0.0,9680.0,0.0
2012/09/13,0.0,8180.0,0.0,8180.0,0.0
2012/09/14,0.0,8055.0,0.0,8055.0,0.0
2012/09/17,0.0,4424.0,0.0,4424.0,0.0
2012/09/18,0.0,9249.0,0.0,9249.0,0.0
2012/09/19,0.0,7478.0,0.0,7478.0,0.0
2012/09/20,0.0,7190.0,0.0,7190.0,0.0
2012/09/21,0.0,6173.0,0.0,6173.0,0.0
2012/09/24,0.0,8760.0,0.0,8760.0,0.0
2012/09/25,0.0,5768.0,0.0,5768.0,0.0
2012/09/26,0.0,5259.0,0.0,5259.0,0.0
2012/09/27,0.0,5745.0,0.0,5745.0,0.0
2012/09/28,0.0,4346.0,0.0,4346.0,0.0
2012/10/01,0.0,5376.0,0.0,5376.0,0.0
2012/10/02,0.0,6888.0,0.0,6888.0,0.0
2012/10/03,0.0,4051.0,0.0,4051.0,0.0
2012/10/04,0.0,2330.0,0.0,2330.0,0.0
2012/10/05,0.0,1423.0,0.0,1423.0,0.0
2012/10/08,0.0,281.0,0.0,281.0,0.0
2012/10/09,0.0,0.0,-840.0,-840.0,0.0
2012/10/11,0.0,0.0,-6978.0,-6978.0,0.0
2012/10/12,0.0,0.0,-7439.0,-7439.0,0.0
2012/10/15,0.0,0.0,-5644.0,-5644.0,0.0
2012/10/16,0.0,0.0,-8516.0,-8516.0,0.0
2012/10/17,0.0,0.0,-4463.0,-4463.0,0.0
2012/10/18,0.0,0.0,-2836.0,-2836.0,0.0
2012/10/19,0.0,0.0,-6037.0,-6037.0,0.0
2012/10/22,0.0,0.0,-3329.0,-3329.0,0.0
2012/10/23,0.0,0.0,-6312.0,-6312.0,0.0
2012/10/24,0.0,0.0,-4020.0,-4020.0,0.0
2012/10/25,0.0,0.0,-7082.0,-7082.0,0.0
2012/10/26,0.0,0.0,-8060.0,-8060.0,0.0
2012/10/29,0.0,0.0,-2025.0,-2025.0,0.0
2012/10/30,0.0,0.0,-3020.0,-3020.0,0.0
2012/10/31,0.0,0.0,-6903.0,-6903.0,0.0
2012/11/01,0.0,0.0,-7555.0,-7555.0,0.0
2012/11/02,0.0,0.0,-7004.0,-7004.0,0.0
2012/11/05,0.0,0.0,-6145.0,-6145.0,0.0
2012/11/06,0.0,0.0,-6178.0,-6178.0,0.0
2012/11/07,0.0,0.0,-8086.0,-8086.0,0.0
2012/11/08,0.0,0.0,-4616.0,-4616.0,0.0
2012/11/09,0.0,0.0,-2038.0,-2038.0,0.0
2012/11/12,0.0,0.0,-5139.0,-5139.0,0.0
2012/11/13,0.0,0.0,-9282.0,-9282.0,0.0
2012/11/14,0.0,0.0,-2528.0,-2528.0,0.0
2012/11/15,0.0,0.0,-1768.0,-1768.0,0.0
2012/11/16,0.0,0.0,-4488.0,-4488.0,0.0
2012/11/19,0.0,0.0,-5651.0,-5651.0,0.0
2012/11/20,0.0,0.0,-5036.0,-5036.0,0.0
2012/11/21,0.0,0.0,-1240.0,-1240.0,0.0
2012/11/22,0.0,2385.0,0.0,2385.0,0.0
2012/11/23,0.0,8048.0,0.0,8048.0,0.0
2012/11/26,0.0,3915.0,0.0,3915.0,0.0
2012/11/27,0.0,6604.0,0.0,6604.0,0.0
2012/11/28,0.0,8582.0,0.0,8582.0,0.0
2012/11/29,0.0,15090.0,0.0,15090.0,0.0
2012/11/30,0.0,16379.0,0.0,16379.0,0.0
2012/12/03,0.0,13603.0,0.0,13603.0,0.0
2012/12/04,0.0,11124.0,0.0,11124.0,0.0
2012/12/05,0.0,12734.0,0.0,12734.0,0.0
2012/12/06,0.0,12910.0,0.0,12910.0,0.0
2012/12/07,0.0,12828.0,0.0,12828.0,0.0
2012/12/10,0.0,12526.0,0.0,12526.0,0.0
2012/12/11,0.0,14234.0,0.0,14234.0,0.0
2012/12/12,0.0,14015.0,0.0,14015.0,0.0
2012/12/13,0.0,10932.0,0.0,10932.0,0.0
2012/12/14,0.0,6679.0,0.0,6679.0,0.0
2012/12/17,0.0,5465.0,0.0,5465.0,0.0
2012/12/18,0.0,6194.0,0.0,6194.0,0.0
2012/12/19,0.0,6338.0,0.0,6338.0,0.0
2012/12/20,0.0,3248.0,0.0,3248.0,0.0
2012/12/21,0.0,2859.0,0.0,2859.0,0.0
2012/12/22,0.0,2665.0,0.0,2665.0,0.0
2012/12/24,0.0,4494.0,0.0,4494.0,0.0
2012/12/25,0.0,2202.0,0.0,2202.0,0.0
2012/12/26,0.0,0.0,-570.0,-570.0,0.0
2012/12/27,0.0,0.0,-156.0,-156.0,0.0
2012/12/28,0.0,111.0,0.0,111.0,0.0
2013/01/02,0.0,2735.0,0.0,2735.0,0.0
2013/01/03,0.0,0.0,-1121.0,-1121.0,0.0
2013/01/04,0.0,0.0,-1545.0,-1545.0,0.0
2013/01/07,0.0,0.0,-3215.0,-3215.0,0.0
2013/01/08,0.0,0.0,-5085.0,-5085.0,0.0
2013/01/09,0.0,1160.0,0.0,1160.0,0.0
2013/01/10,0.0,2262.0,0.0,2262.0,0.0
2013/01/11,0.0,0.0,-4156.0,-4156.0,0.0
2013/01/14,0.0,0.0,-3760.0,-3760.0,0.0
2013/01/15,0.0,0.0,-5635.0,-5635.0,0.0
2013/01/16,0.0,0.0,-204.0,-204.0,0.0
2013/01/17,0.0,2582.0,0.0,2582.0,0.0
2013/01/18,0.0,1381.0,0.0,1381.0,0.0
2013/01/21,0.0,1165.0,0.0,1165.0,0.0
2013/01/22,0.0,4337.0,0.0,4337.0,0.0
2013/01/23,0.0,130.0,0.0,130.0,0.0
2013/01/24,0.0,0.0,-567.0,-567.0,0.0
2013/01/25,0.0,0.0,-4252.0,-4252.0,0.0
2013/01/28,0.0,1400.0,0.0,1400.0,0.0
2013/01/29,0.0,6555.0,0.0,6555.0,0.0
2013/01/30,0.0,4482.0,0.0,4482.0,0.0
2013/01/31,0.0,7091.0,0.0,7091.0,0.0
2013/02/01,0.0,5044.0,0.0,5044.0,0.0
2013/02/04,0.0,2617.0,0.0,2617.0,0.0
2013/02/05,0.0,0.0,-1434.0,-1434.0,0.0
2013/02/06,0.0,0.0,-1203.0,-1203.0,0.0
2013/02/18,0.0,1895.0,0.0,1895.0,0.0
2013/02/19,0.0,4065.0,0.0,4065.0,0.0
2013/02/20,0.0,7675.0,0.0,7675.0,0.0
2013/02/21,0.0,6780.0,0.0,6780.0,0.0
2013/02/22,0.0,5946.0,0.0,5946.0,0.0
2013/02/23,0.0,5675.0,0.0,5675.0,0.0
2013/02/25,0.0,4254.0,0.0,4254.0,0.0
2013/02/26,0.0,6487.0,0.0,6487.0,0.0
2013/02/27,0.0,5984.0,0.0,5984.0,0.0
2013/03/01,0.0,4919.0,0.0,4919.0,0.0
2013/03/04,0.0,0.0,-677.0,-677.0,0.0
2013/03/05,0.0,5416.0,0.0,5416.0,0.0
2013/03/06,0.0,3835.0,0.0,3835.0,0.0
2013/03/07,0.0,6324.0,0.0,6324.0,0.0
2013/03/08,0.0,10470.0,0.0,10470.0,0.0
2013/03/11,0.0,8080.0,0.0,8080.0,0.0
2013/03/12,0.0,7633.0,0.0,7633.0,0.0
2013/03/13,0.0,6176.0,0.0,6176.0,0.0
2013/03/14,0.0,2420.0,0.0,2420.0,0.0
2013/03/15,0.0,0.0,-367.0,-367.0,0.0
2013/03/18,0.0,0.0,-993.0,-993.0,0.0
2013/03/19,0.0,0.0,-590.0,-590.0,0.0
2013/03/20,0.0,1923.0,0.0,1923.0,0.0
2013/03/21,0.0,2112.0,0.0,2112.0,0.0
2013/03/22,0.0,4025.0,0.0,4025.0,0.0
2013/03/25,0.0,5119.0,0.0,5119.0,0.0
2013/03/26,0.0,3459.0,0.0,3459.0,0.0
2013/03/27,0.0,5952.0,0.0,5952.0,0.0
2013/03/28,0.0,5823.0,0.0,5823.0,0.0
2013/03/29,0.0,10147.0,0.0,10147.0,0.0
2013/04/01,0.0,9015.0,0.0,9015.0,0.0
2013/04/02,0.0,9479.0,0.0,9479.0,0.0
2013/04/03,0.0,8301.0,0.0,8301.0,0.0
2013/04/08,0.0,0.0,-9150.0,-9150.0,0.0
2013/04/09,0.0,0.0,-8854.0,-8854.0,0.0
2013/04/10,0.0,0.0,-7983.0,-7983.0,0.0
2013/04/11,0.0,132.0,0.0,132.0,0.0
2013/04/12,0.0,336.0,0.0,336.0,0.0
2013/04/15,0.0,3773.0,0.0,3773.0,0.0
2013/04/16,0.0,1402.0,0.0,1402.0,0.0
2013/04/17,0.0,2820.0,0.0,2820.0,0.0
2013/04/18,0.0,7566.0,0.0,7566.0,0.0
2013/04/19,0.0,17959.0,0.0,17959.0,0.0
2013/04/22,0.0,15559.0,0.0,15559.0,0.0
2013/04/23,0.0,14054.0,0.0,14054.0,0.0
2013/04/24,0.0,12051.0,0.0,12051.0,0.0
2013/04/25,0.0,14419.0,0.0,14419.0,0.0
2013/04/26,0.0,16643.0,0.0,16643.0,0.0
2013/04/29,0.0,21402.0,0.0,21402.0,0.0
2013/04/30,0.0,20109.0,0.0,20109.0,0.0
2013/05/02,0.0,23394.0,0.0,23394.0,0.0
2013/05/03,0.0,20503.0,0.0,20503.0,0.0
2013/05/06,0.0,19405.0,0.0,19405.0,0.0
2013/05/07,0.0,22157.0,0.0,22157.0,0.0
2013/05/08,0.0,22155.0,0.0,22155.0,0.0
2013/05/09,0.0,19058.0,0.0,19058.0,0.0
2013/05/10,0.0,15799.0,0.0,15799.0,0.0
2013/05/13,0.0,15457.0,0.0,15457.0,0.0
2013/05/14,0.0,16450.0,0.0,16450.0,0.0
2013/05/15,0.0,15819.0,0.0,15819.0,0.0
2013/05/16,0.0,12206.0,0.0,12206.0,0.0
2013/05/17,0.0,9484.0,0.0,9484.0,0.0
2013/05/20,0.0,8332.0,0.0,8332.0,0.0
2013/05/21,0.0,11020.0,0.0,11020.0,0.0
2013/05/22,0.0,6643.0,0.0,6643.0,0.0
2013/05/23,0.0,1976.0,0.0,1976.0,0.0
2013/05/24,0.0,2242.0,0.0,2242.0,0.0
2013/05/27,0.0,5494.0,0.0,5494.0,0.0
2013/05/28,0.0,3602.0,0.0,3602.0,0.0
2013/05/29,0.0,7667.0,0.0,7667.0,0.0
2013/05/30,0.0,3378.0,0.0,3378.0,0.0
2013/05/31,0.0,0.0,-1461.0,-1461.0,0.0
2013/06/03,0.0,5938.0,0.0,5938.0,0.0
2013/06/04,0.0,314.0,0.0,314.0,0.0
2013/06/05,0.0,2894.0,0.0,2894.0,0.0
2013/06/06,0.0,0.0,-4792.0,-4792.0,0.0
2013/06/07,0.0,0.0,-5593.0,-5593.0,0.0
2013/06/10,0.0,0.0,-4157.0,-4157.0,0.0
2013/06/11,0.0,0.0,-4261.0,-4261.0,0.0
2013/06/13,0.0,0.0,-11700.0,-11700.0,0.0
2013/06/14,0.0,0.0,-11171.0,-11171.0,0.0
2013/06/17,0.0,0.0,-8789.0,-8789.0,0.0
2013/06/18,0.0,0.0,-7920.0,-7920.0,0.0
2013/06/19,0.0,0.0,-8061.0,-8061.0,0.0
2013/06/20,0.0,0.0,-12608.0,-12608.0,0.0
2013/06/21,0.0,0.0,-14309.0,-14309.0,0.0
2013/06/24,0.0,0.0,-16069.0,-16069.0,0.0
2013/06/25,0.0,0.0,-16172.0,-16172.0,0.0
2013/06/26,0.0,0.0,-14583.0,-14583.0,0.0
2013/06/27,0.0,0.0,-15187.0,-15187.0,0.0
2013/06/28,0.0,0.0,-4125.0,-4125.0,0.0
2013/07/01,0.0,0.0,-1876.0,-1876.0,0.0
2013/07/02,0.0,0.0,-2510.0,-2510.0,0.0
2013/07/03,0.0,0.0,-2532.0,-2532.0,0.0
2013/07/04,0.0,0.0,-2453.0,-2453.0,0.0
2013/07/05,0.0,965.0,0.0,965.0,0.0
2013/07/08,0.0,0.0,-5474.0,-5474.0,0.0
2013/07/09,0.0,664.0,0.0,664.0,0.0
2013/07/10,0.0,4492.0,0.0,4492.0,0.0
2013/07/11,0.0,3993.0,0.0,3993.0,0.0
2013/07/12,0.0,1587.0,0.0,1587.0,0.0
2013/07/15,0.0,0.0,-15.0,-15.0,0.0
2013/07/16,0.0,0.0,-2729.0,-2729.0,0.0
2013/07/17,0.0,2381.0,0.0,2381.0,0.0
2013/07/18,0.0,0.0,-682.0,-682.0,0.0
2013/07/19,0.0,0.0,-4914.0,-4914.0,0.0
2013/07/22,0.0,0.0,-576.0,-576.0,0.0
2013/07/23,0.0,1126.0,0.0,1126.0,0.0
2013/07/24,0.0,994.0,0.0,994.0,0.0
2013/07/25,0.0,2834.0,0.0,2834.0,0.0
2013/07/26,0.0,1201.0,0.0,1201.0,0.0
2013/07/29,0.0,891.0,0.0,891.0,0.0
2013/07/30,0.0,6306.0,0.0,6306.0,0.0
2013/07/31,0.0,0.0,-2026.0,-2026.0,0.0
2013/08/01,0.0,0.0,-5497.0,-5497.0,0.0
2013/08/02,0.0,0.0,-6137.0,-6137.0,0.0
2013/08/05,0.0,0.0,-2512.0,-2512.0,0.0
2013/08/06,0.0,0.0,-12602.0,-12602.0,0.0
2013/08/07,0.0,0.0,-13801.0,-13801.0,0.0
2013/08/08,0.0,0.0,-15842.0,-15842.0,0.0
2013/08/09,0.0,0.0,-16289.0,-16289.0,0.0
2013/08/12,0.0,0.0,-14188.0,-14188.0,0.0
2013/08/13,0.0,0.0,-11658.0,-11658.0,0.0
2013/08/14,0.0,0.0,-16946.0,-16946.0,0.0
2013/08/15,0.0,0.0,-16426.0,-16426.0,0.0
2013/08/16,0.0,0.0,-12818.0,-12818.0,0.0
2013/08/19,0.0,0.0,-15954.0,-15954.0,0.0
2013/08/20,0.0,0.0,-18369.0,-18369.0,0.0
2013/08/22,0.0,0.0,-11940.0,-11940.0,0.0
2013/08/23,0.0,0.0,-8482.0,-8482.0,0.0
2013/08/26,0.0,0.0,-8915.0,-8915.0,0.0
2013/08/27,0.0,0.0,-7870.0,-7870.0,0.0
2013/08/28,0.0,0.0,-3754.0,-3754.0,0.0
2013/08/29,0.0,986.0,0.0,986.0,0.0
2013/08/30,0.0,0.0,-7.0,-7.0,0.0
2013/09/02,0.0,2725.0,0.0,2725.0,0.0
2013/09/03,0.0,0.0,-462.0,-462.0,0.0
2013/09/04,0.0,0.0,-784.0,-784.0,0.0
2013/09/05,0.0,709.0,0.0,709.0,0.0
2013/09/06,0.0,3186.0,0.0,3186.0,0.0
2013/09/09,0.0,3547.0,0.0,3547.0,0.0
2013/09/10,0.0,5862.0,0.0,5862.0,0.0
2013/09/11,0.0,3589.0,0.0,3589.0,0.0
2013/09/12,0.0,4412.0,0.0,4412.0,0.0
2013/09/13,0.0,2095.0,0.0,2095.0,0.0
2013/09/14,0.0,3598.0,0.0,3598.0,0.0
2013/09/16,0.0,6506.0,0.0,6506.0,0.0
2013/09/17,0.0,4908.0,0.0,4908.0,0.0
2013/09/18,0.0,1526.0,0.0,1526.0,0.0
2013/09/23,0.0,4778.0,0.0,4778.0,0.0
2013/09/24,0.0,4448.0,0.0,4448.0,0.0
2013/09/25,0.0,1026.0,0.0,1026.0,0.0
2013/09/26,0.0,1093.0,0.0,1093.0,0.0
2013/09/27,0.0,2309.0,0.0,2309.0,0.0
2013/09/30,0.0,3958.0,0.0,3958.0,0.0
2013/10/01,0.0,2548.0,0.0,2548.0,0.0
2013/10/02,0.0,6086.0,0.0,6086.0,0.0
2013/10/03,0.0,10572.0,0.0,10572.0,0.0
2013/10/04,0.0,5646.0,0.0,5646.0,0.0
2013/10/07,0.0,2111.0,0.0,2111.0,0.0
2013/10/08,0.0,4462.0,0.0,4462.0,0.0
2013/10/09,0.0,4721.0,0.0,4721.0,0.0
2013/10/11,0.0,1132.0,0.0,1132.0,0.0
2013/10/14,0.0,70.0,0.0,70.0,0.0
2013/10/15,0.0,0.0,-738.0,-738.0,0.0
2013/10/16,0.0,791.0,0.0,791.0,0.0
2013/10/17,0.0,0.0,-1460.0,-1460.0,0.0
2013/10/18,0.0,1431.0,0.0,1431.0,0.0
2013/10/21,0.0,0.0,-2303.0,-2303.0,0.0
2013/10/22,0.0,2419.0,0.0,2419.0,0.0
2013/10/23,0.0,0.0,-3488.0,-3488.0,0.0
2013/10/24,0.0,1107.0,0.0,1107.0,0.0
2013/10/25,0.0,0.0,-3783.0,-3783.0,0.0
2013/10/28,0.0,933.0,0.0,933.0,0.0
2013/10/29,0.0,5732.0,0.0,5732.0,0.0
2013/10/30,0.0,7011.0,0.0,7011.0,0.0
2013/10/31,0.0,11173.0,0.0,11173.0,0.0
2013/11/01,0.0,4820.0,0.0,4820.0,0.0
2013/11/04,0.0,0.0,-969.0,-969.0,0.0
2013/11/05,0.0,0.0,-2979.0,-2979.0,0.0
2013/11/06,0.0,0.0,-5618.0,-5618.0,0.0
2013/11/07,0.0,0.0,-6768.0,-6768.0,0.0
2013/11/08,0.0,0.0,-6072.0,-6072.0,0.0
2013/11/11,0.0,0.0,-10683.0,-10683.0,0.0
2013/11/12,0.0,0.0,-11973.0,-11973.0,0.0
2013/11/13,0.0,0.0,-16282.0,-16282.0,0.0
2013/11/14,0.0,0.0,-16639.0,-16639.0,0.0
2013/11/15,0.0,0.0,-15523.0,-15523.0,0.0
2013/11/18,0.0,0.0,-11587.0,-11587.0,0.0
2013/11/19,0.0,0.0,-4409.0,-4409.0,0.0
2013/11/20,0.0,0.0,-9931.0,-9931.0,0.0
2013/11/21,0.0,0.0,-17133.0,-17133.0,0.0
2013/11/22,0.0,0.0,-15518.0,-15518.0,0.0
2013/11/25,0.0,0.0,-9393.0,-9393.0,0.0
2013/11/26,0.0,0.0,-2070.0,-2070.0,0.0
2013/11/27,0.0,1474.0,0.0,1474.0,0.0
2013/11/28,0.0,1271.0,0.0,1271.0,0.0
2013/11/29,0.0,4639.0,0.0,4639.0,0.0
2013/12/02,0.0,2438.0,0.0,2438.0,0.0
2013/12/03,0.0,2506.0,0.0,2506.0,0.0
2013/12/04,0.0,2903.0,0.0,2903.0,0.0
2013/12/05,0.0,0.0,-2287.0,-2287.0,0.0
2013/12/06,0.0,0.0,-2227.0,-2227.0,0.0
2013/12/09,0.0,0.0,-5107.0,-5107.0,0.0
2013/12/10,0.0,0.0,-3559.0,-3559.0,0.0
2013/12/11,0.0,0.0,-2892.0,-2892.0,0.0
2013/12/12,0.0,0.0,-1912.0,-1912.0,0.0
2013/12/13,0.0,0.0,-5507.0,-5507.0,0.0
2013/12/16,0.0,0.0,-7137.0,-7137.0,0.0
2013/12/17,0.0,0.0,-6257.0,-6257.0,0.0
2013/12/18,0.0,0.0,-8087.0,-8087.0,0.0
2013/12/19,0.0,0.0,-7074.0,-7074.0,0.0
2013/12/20,0.0,0.0,-3462.0,-3462.0,0.0
2013/12/23,0.0,0.0,-4545.0,-4545.0,0.0
2013/12/24,0.0,0.0,-2475.0,-2475.0,0.0
2013/12/25,0.0,0.0,-1872.0,-1872.0,0.0
2013/12/26,0.0,0.0,-2401.0,-2401.0,0.0
2013/12/27,0.0,0.0,-881.0,-881.0,0.0
2013/12/30,0.0,0.0,-1036.0,-1036.0,0.0
2013/12/31,0.0,0.0,-2194.0,-2194.0,0.0
2014/01/02,0.0,405.0,0.0,405.0,0.0
2014/01/03,0.0,0.0,-5448.0,-5448.0,0.0
2014/01/06,0.0,0.0,-5800.0,-5800.0,0.0
2014/01/07,0.0,0.0,-4884.0,-4884.0,0.0
2014/01/08,0.0,0.0,-7048.0,-7048.0,0.0
2014/01/09,0.0,0.0,-11959.0,-11959.0,0.0
2014/01/10,0.0,0.0,-8647.0,-8647.0,0.0
2014/01/13,0.0,0.0,-10558.0,-10558.0,0.0
2014/01/14,0.0,0.0,-11901.0,-11901.0,0.0
2014/01/15,0.0,0.0,-8050.0,-8050.0,0.0
2014/01/16,0.0,0.0,-10308.0,-10308.0,0.0
2014/01/17,0.0,0.0,-12209.0,-12209.0,0.0
2014/01/20,0.0,0.0,-10295.0,-10295.0,0.0
2014/01/21,0.0,0.0,-13433.0,-13433.0,0.0
2014/01/22,0.0,0.0,-10873.0,-10873.0,0.0
2014/01/23,0.0,0.0,-14807.0,-14807.0,0.0
2014/01/24,0.0,0.0,-8657.0,-8657.0,0.0
2014/01/27,0.0,0.0,-14158.0,-14158.0,0.0
2014/02/05,0.0,0.0,-16711.0,-16711.0,0.0
2014/02/06,0.0,0.0,-16059.0,-16059.0,0.0
2014/02/07,0.0,0.0,-13881.0,-13881.0,0.0
2014/02/10,0.0,0.0,-13536.0,-13536.0,0.0
2014/02/11,0.0,0.0,-7437.0,-7437.0,0.0
2014/02/12,0.0,0.0,-4973.0,-4973.0,0.0
2014/02/13,0.0,0.0,-2377.0,-2377.0,0.0
2014/02/14,0.0,1485.0,0.0,1485.0,0.0
2014/02/17,0.0,549.0,0.0,549.0,0.0
2014/02/18,0.0,2629.0,0.0,2629.0,0.0
2014/02/19,0.0,7318.0,0.0,7318.0,0.0
2014/02/20,0.0,5403.0,0.0,5403.0,0.0
2014/02/21,0.0,8257.0,0.0,8257.0,0.0
2014/02/24,0.0,9001.0,0.0,9001.0,0.0
2014/02/25,0.0,11409.0,0.0,11409.0,0.0
2014/02/26,0.0,16342.0,0.0,16342.0,0.0
2014/02/27,0.0,18254.0,0.0,18254.0,0.0
2014/03/03,0.0,12549.0,0.0,12549.0,0.0
2014/03/04,0.0,9876.0,0.0,9876.0,0.0
2014/03/05,0.0,12381.0,0.0,12381.0,0.0
2014/03/06,0.0,18919.0,0.0,18919.0,0.0
2014/03/07,0.0,21706.0,0.0,21706.0,0.0
2014/03/10,0.0,19473.0,0.0,19473.0,0.0
2014/03/11,0.0,18289.0,0.0,18289.0,0.0
2014/03/12,0.0,13634.0,0.0,13634.0,0.0
2014/03/13,0.0,17432.0,0.0,17432.0,0.0
2014/03/14,0.0,14385.0,0.0,14385.0,0.0
2014/03/17,0.0,11448.0,0.0,11448.0,0.0
2014/03/18,0.0,8716.0,0.0,8716.0,0.0
2014/03/19,0.0,10118.0,0.0,10118.0,0.0
2014/03/20,0.0,1724.0,0.0,1724.0,0.0
2014/03/21,0.0,3710.0,0.0,3710.0,0.0
2014/03/24,0.0,6405.0,0.0,6405.0,0.0
2014/03/25,0.0,9584.0,0.0,9584.0,0.0
2014/03/26,0.0,12067.0,0.0,12067.0,0.0
2014/03/27,0.0,16846.0,0.0,16846.0,0.0
2014/03/28,0.0,14806.0,0.0,14806.0,0.0
2014/03/31,0.0,12443.0,0.0,12443.0,0.0
2014/04/01,0.0,17574.0,0.0,17574.0,0.0
2014/04/02,0.0,15108.0,0.0,15108.0,0.0
2014/04/03,0.0,17368.0,0.0,17368.0,0.0
2014/04/07,0.0,20984.0,0.0,20984.0,0.0
2014/04/08,0.0,20908.0,0.0,20908.0,0.0
2014/04/09,0.0,20709.0,0.0,20709.0,0.0
2014/04/10,0.0,18582.0,0.0,18582.0,0.0
2014/04/11,0.0,21281.0,0.0,21281.0,0.0
2014/04/14,0.0,21476.0,0.0,21476.0,0.0
2014/04/15,0.0,24566.0,0.0,24566.0,0.0
2014/04/16,0.0,20819.0,0.0,20819.0,0.0
2014/04/17,0.0,21387.0,0.0,21387.0,0.0
2014/04/18,0.0,19318.0,0.0,19318.0,0.0
2014/04/21,0.0,20179.0,0.0,20179.0,0.0
2014/04/22,0.0,22954.0,0.0,22954.0,0.0
2014/04/23,0.0,20363.0,0.0,20363.0,0.0
2014/04/24,0.0,21926.0,0.0,21926.0,0.0
2014/04/25,0.0,14446.0,0.0,14446.0,0.0
2014/04/28,0.0,21683.0,0.0,21683.0,0.0
2014/04/29,0.0,20154.0,0.0,20154.0,0.0
2014/04/30,0.0,17578.0,0.0,17578.0,0.0
2014/05/02,0.0,22408.0,0.0,22408.0,0.0
2014/05/05,0.0,17071.0,0.0,17071.0,0.0
2014/05/06,0.0,17945.0,0.0,17945.0,0.0
2014/05/07,0.0,16977.0,0.0,16977.0,0.0
2014/05/08,0.0,18174.0,0.0,18174.0,0.0
2014/05/09,0.0,11971.0,0.0,11971.0,0.0
2014/05/12,0.0,12356.0,0.0,12356.0,0.0
2014/05/13,0.0,16110.0,0.0,16110.0,0.0
2014/05/14,0.0,21261.0,0.0,21261.0,0.0
2014/05/15,0.0,17653.0,0.0,17653.0,0.0
2014/05/16,0.0,17331.0,0.0,17331.0,0.0
2014/05/19,0.0,17778.0,0.0,17778.0,0.0
2014/05/20,0.0,21558.0,0.0,21558.0,0.0
2014/05/21,0.0,23174.0,0.0,23174.0,0.0
2014/05/22,0.0,28349.0,0.0,28349.0,0.0
2014/05/23,0.0,28689.0,0.0,28689.0,0.0
2014/05/26,0.0,27351.0,0.0,27351.0,0.0
2014/05/27,0.0,27517.0,0.0,27517.0,0.0
2014/05/28,0.0,30718.0,0.0,30718.0,0.0
2014/05/29,0.0,25001.0,0.0,25001.0,0.0
2014/05/30,0.0,25121.0,0.0,25121.0,0.0
2014/06/03,0.0,22207.0,0.0,22207.0,0.0
2014/06/04,0.0,23312.0,0.0,23312.0,0.0
2014/06/05,0.0,21568.0,0.0,21568.0,0.0
2014/06/06,0.0,20012.0,0.0,20012.0,0.0
2014/06/09,0.0,21338.0,0.0,21338.0,0.0
2014/06/10,0.0,22138.0,0.0,22138.0,0.0
2014/06/11,0.0,20136.0,0.0,20136.0,0.0
2014/06/12,0.0,19205.0,0.0,19205.0,0.0
2014/06/13,0.0,18010.0,0.0,18010.0,0.0
2014/06/16,0.0,17867.0,0.0,17867.0,0.0
2014/06/17,0.0,17776.0,0.0,17776.0,0.0
2014/06/18,0.0,12174.0,0.0,12174.0,0.0
2014/06/19,0.0,12089.0,0.0,12089.0,0.0
2014/06/20,0.0,7157.0,0.0,7157.0,0.0
2014/06/23,0.0,9744.0,0.0,9744.0,0.0
2014/06/24,0.0,7752.0,0.0,7752.0,0.0
2014/06/25,0.0,9158.0,0.0,9158.0,0.0
2014/06/26,0.0,11992.0,0.0,11992.0,0.0
2014/06/27,0.0,10230.0,0.0,10230.0,0.0
2014/06/30,0.0,14034.0,0.0,14034.0,0.0
2014/07/01,0.0,10719.0,0.0,10719.0,0.0
2014/07/02,0.0,5053.0,0.0,5053.0,0.0
2014/07/03,0.0,7274.0,0.0,7274.0,0.0
2014/07/04,0.0,2585.0,0.0,2585.0,0.0
2014/07/07,0.0,5363.0,0.0,5363.0,0.0
2014/07/08,0.0,8308.0,0.0,8308.0,0.0
2014/07/09,0.0,8430.0,0.0,8430.0,0.0
2014/07/10,0.0,7599.0,0.0,7599.0,0.0
2014/07/11,0.0,2645.0,0.0,2645.0,0.0
2014/07/14,0.0,3310.0,0.0,3310.0,0.0
2014/07/15,0.0,0.0,-1144.0,-1144.0,0.0
2014/07/16,0.0,242.0,0.0,242.0,0.0
2014/07/17,0.0,0.0,-2570.0,-2570.0,0.0
2014/07/18,0.0,2020.0,0.0,2020.0,0.0
2014/07/21,0.0,1059.0,0.0,1059.0,0.0
2014/07/22,0.0,5132.0,0.0,5132.0,0.0
2014/07/24,0.0,2002.0,0.0,2002.0,0.0
2014/07/25,0.0,0.0,-3587.0,-3587.0,0.0
2014/07/28,0.0,986.0,0.0,986.0,0.0
2014/07/29,0.0,0.0,-2029.0,-2029.0,0.0
2014/07/30,0.0,3009.0,0.0,3009.0,0.0
2014/07/31,0.0,0.0,-7020.0,-7020.0,0.0
2014/08/01,0.0,0.0,-6129.0,-6129.0,0.0
2014/08/04,0.0,0.0,-8561.0,-8561.0,0.0
2014/08/05,0.0,0.0,-17406.0,-17406.0,0.0
2014/08/06,0.0,0.0,-9451.0,-9451.0,0.0
2014/08/07,0.0,0.0,-11934.0,-11934.0,0.0
2014/08/08,0.0,0.0,-7101.0,-7101.0,0.0
2014/08/11,0.0,0.0,-13362.0,-13362.0,0.0
2014/08/12,0.0,0.0,-12494.0,-12494.0,0.0
2014/08/13,0.0,0.0,-5519.0,-5519.0,0.0
2014/08/14,0.0,0.0,-7727.0,-7727.0,0.0
2014/08/15,0.0,0.0,-8952.0,-8952.0,0.0
2014/08/18,0.0,0.0,-15096.0,-15096.0,0.0
2014/08/19,0.0,0.0,-5085.0,-5085.0,0.0
2014/08/20,0.0,0.0,-3235.0,-3235.0,0.0
2014/08/21,0.0,0.0,-7085.0,-7085.0,0.0
2014/08/22,0.0,0.0,-516.0,-516.0,0.0
2014/08/25,0.0,0.0,-4537.0,-4537.0,0.0
2014/08/26,0.0,0.0,-5631.0,-5631.0,0.0
2014/08/27,0.0,0.0,-2241.0,-2241.0,0.0
2014/08/28,0.0,0.0,-2989.0,-2989.0,0.0
2014/08/29,0.0,0.0,-2338.0,-2338.0,0.0
2014/09/01,0.0,0.0,-6268.0,-6268.0,0.0
2014/09/02,0.0,0.0,-13907.0,-13907.0,0.0
2014/09/03,0.0,0.0,-10193.0,-10193.0,0.0
2014/09/04,0.0,0.0,-11401.0,-11401.0,0.0
2014/09/05,0.0,0.0,-13187.0,-13187.0,0.0
2014/09/09,0.0,0.0,-10648.0,-10648.0,0.0
2014/09/10,0.0,0.0,-16138.0,-16138.0,0.0
2014/09/11,0.0,0.0,-16889.0,-16889.0,0.0
2014/09/12,0.0,0.0,-16967.0,-16967.0,0.0
2014/09/15,0.0,0.0,-13472.0,-13472.0,0.0
2014/09/16,0.0,0.0,-17801.0,-17801.0,0.0
2014/09/17,0.0,0.0,-11882.0,-11882.0,0.0
2014/09/18,0.0,0.0,-14617.0,-14617.0,0.0
2014/09/19,0.0,0.0,-17714.0,-17714.0,0.0
2014/09/22,0.0,0.0,-21472.0,-21472.0,0.0
2014/09/23,0.0,0.0,-16993.0,-16993.0,0.0
2014/09/24,0.0,0.0,-19383.0,-19383.0,0.0
2014/09/25,0.0,0.0,-27364.0,-27364.0,0.0
2014/09/26,0.0,0.0,-20338.0,-20338.0,0.0
2014/09/29,0.0,0.0,-23402.0,-23402.0,0.0
2014/09/30,0.0,0.0,-26886.0,-26886.0,0.0
2014/10/01,0.0,0.0,-24770.0,-24770.0,0.0
2014/10/02,0.0,0.0,-25242.0,-25242.0,0.0
2014/10/03,0.0,0.0,-24710.0,-24710.0,0.0
2014/10/06,0.0,0.0,-33866.0,-33866.0,0.0
2014/10/07,0.0,0.0,-30239.0,-30239.0,0.0
2014/10/08,0.0,0.0,-25670.0,-25670.0,0.0
2014/10/09,0.0,0.0,-23134.0,-23134.0,0.0
2014/10/13,0.0,0.0,-21409.0,-21409.0,0.0
2014/10/14,0.0,0.0,-19015.0,-19015.0,0.0
2014/10/15,0.0,0.0,-20392.0,-20392.0,0.0
2014/10/16,0.0,0.0,-19535.0,-19535.0,0.0
2014/10/17,0.0,0.0,-19427.0,-19427.0,0.0
2014/10/20,0.0,0.0,-13010.0,-13010.0,0.0
2014/10/21,0.0,0.0,-11701.0,-11701.0,0.0
2014/10/22,0.0,0.0,-10846.0,-10846.0,0.0
2014/10/23,0.0,0.0,-10538.0,-10538.0,0.0
2014/10/24,0.0,0.0,-13883.0,-13883.0,0.0
2014/10/27,0.0,0.0,-7463.0,-7463.0,0.0
2014/10/28,0.0,0.0,-3384.0,-3384.0,0.0
2014/10/29,0.0,0.0,-4084.0,-4084.0,0.0
2014/10/30,0.0,0.0,-6747.0,-6747.0,0.0
2014/10/31,0.0,0.0,-6620.0,-6620.0,0.0
2014/11/03,0.0,0.0,-7877.0,-7877.0,0.0
2014/11/04,0.0,0.0,-4836.0,-4836.0,0.0
2014/11/05,0.0,0.0,-6044.0,-6044.0,0.0
2014/11/06,0.0,0.0,-6687.0,-6687.0,0.0
2014/11/07,0.0,0.0,-5075.0,-5075.0,0.0
2014/11/10,0.0,2715.0,0.0,2715.0,0.0
2014/11/11,0.0,0.0,-5270.0,-5270.0,0.0
2014/11/12,0.0,0.0,-8763.0,-8763.0,0.0
2014/11/13,0.0,0.0,-2057.0,-2057.0,0.0
2014/11/14,0.0,0.0,-1184.0,-1184.0,0.0
2014/11/17,0.0,1550.0,0.0,1550.0,0.0
2014/11/18,0.0,0.0,-506.0,-506.0,0.0
2014/11/19,0.0,7427.0,0.0,7427.0,0.0
2014/11/20,0.0,13035.0,0.0,13035.0,0.0
2014/11/21,0.0,7813.0,0.0,7813.0,0.0
2014/11/24,0.0,6033.0,0.0,6033.0,0.0
2014/11/25,0.0,7752.0,0.0,7752.0,0.0
2014/11/26,0.0,6649.0,0.0,6649.0,0.0
2014/11/27,0.0,10709.0,0.0,10709.0,0.0
2014/11/28,0.0,9165.0,0.0,9165.0,0.0
2014/12/01,0.0,8970.0,0.0,8970.0,0.0
2014/12/02,0.0,0.0,-721.0,-721.0,0.0
2014/12/03,0.0,7397.0,0.0,7397.0,0.0
2014/12/04,0.0,2304.0,0.0,2304.0,0.0
2014/12/05,0.0,3112.0,0.0,3112.0,0.0
2014/12/08,0.0,0.0,-2517.0,-2517.0,0.0
2014/12/09,0.0,0.0,-914.0,-914.0,0.0
2014/12/10,0.0,0.0,-6706.0,-6706.0,0.0
2014/12/11,0.0,0.0,-2632.0,-2632.0,0.0
2014/12/12,0.0,0.0,-3260.0,-3260.0,0.0
2014/12/15,0.0,0.0,-291.0,-291.0,0.0
2014/12/16,0.0,0.0,-5732.0,-5732.0,0.0
2014/12/17,0.0,0.0,-8893.0,-8893.0,0.0
2014/12/18,0.0,0.0,-7209.0,-7209.0,0.0
2014/12/19,0.0,5332.0,0.0,5332.0,0.0
2014/12/22,0.0,10107.0,0.0,10107.0,0.0
2014/12/23,0.0,9180.0,0.0,9180.0,0.0
2014/12/24,0.0,10169.0,0.0,10169.0,0.0
2014/12/25,0.0,10485.0,0.0,10485.0,0.0
2014/12/26,0.0,10212.0,0.0,10212.0,0.0
2014/12/27,0.0,9768.0,0.0,9768.0,0.0
2014/12/29,0.0,14488.0,0.0,14488.0,0.0
2014/12/30,0.0,10873.0,0.0,10873.0,0.0
2014/12/31,0.0,11833.0,0.0,11833.0,0.0
2015/01/05,0.0,11506.0,0.0,11506.0,0.0
2015/01/06,0.0,3689.0,0.0,3689.0,0.0
2015/01/07,0.0,5661.0,0.0,5661.0,0.0
2015/01/08,0.0,13181.0,0.0,13181.0,0.0
2015/01/09,0.0,5038.0,0.0,5038.0,0.0
2015/01/12,0.0,10089.0,0.0,10089.0,0.0
2015/01/13,0.0,13879.0,0.0,13879.0,0.0
2015/01/14,0.0,8399.0,0.0,8399.0,0.0
2015/01/15,0.0,9353.0,0.0,9353.0,0.0
2015/01/16,0.0,8723.0,0.0,8723.0,0.0
2015/01/19,0.0,10176.0,0.0,10176.0,0.0
2015/01/20,0.0,15020.0,0.0,15020.0,0.0
2015/01/21,0.0,15297.0,0.0,15297.0,0.0
2015/01/22,0.0,16788.0,0.0,16788.0,0.0
2015/01/23,0.0,19341.0,0.0,19341.0,0.0
2015/01/26,0.0,20940.0,0.0,20940.0,0.0
2015/01/27,0.0,18132.0,0.0,18132.0,0.0
2015/01/28,0.0,21545.0,0.0,21545.0,0.0
2015/01/29,0.0,14990.0,0.0,14990.0,0.0
2015/01/30,0.0,14089.0,0.0,14089.0,0.0
2015/02/02,0.0,17002.0,0.0,17002.0,0.0
2015/02/03,0.0,16231.0,0.0,16231.0,0.0
2015/02/04,0.0,16123.0,0.0,16123.0,0.0
2015/02/05,0.0,17515.0,0.0,17515.0,0.0
2015/02/06,0.0,11077.0,0.0,11077.0,0.0
2015/02/09,0.0,14694.0,0.0,14694.0,0.0
2015/02/10,0.0,9047.0,0.0,9047.0,0.0
2015/02/11,0.0,12482.0,0.0,12482.0,0.0
2015/02/12,0.0,9678.0,0.0,9678.0,0.0
2015/02/13,0.0,14130.0,0.0,14130.0,0.0
2015/02/24,0.0,17761.0,0.0,17761.0,0.0
2015/02/25,0.0,20883.0,0.0,20883.0,0.0
2015/02/26,0.0,16863.0,0.0,16863.0,0.0
2015/03/02,0.0,11612.0,0.0,11612.0,0.0
2015/03/03,0.0,7825.0,0.0,7825.0,0.0
2015/03/04,0.0,11208.0,0.0,11208.0,0.0
2015/03/05,0.0,8002.0,0.0,8002.0,0.0
2015/03/06,0.0,10015.0,0.0,10015.0,0.0
2015/03/09,0.0,6213.0,0.0,6213.0,0.0
2015/03/10,0.0,4344.0,0.0,4344.0,0.0
2015/03/11,0.0,10874.0,0.0,10874.0,0.0
2015/03/12,0.0,13611.0,0.0,13611.0,0.0
2015/03/13,0.0,9298.0,0.0,9298.0,0.0
2015/03/16,0.0,7400.0,0.0,7400.0,0.0
2015/03/17,0.0,6567.0,0.0,6567.0,0.0
2015/03/18,0.0,18964.0,0.0,18964.0,0.0
2015/03/19,0.0,17626.0,0.0,17626.0,0.0
2015/03/20,0.0,13030.0,0.0,13030.0,0.0
2015/03/23,0.0,11305.0,0.0,11305.0,0.0
2015/03/24,0.0,9319.0,0.0,9319.0,0.0
2015/03/25,0.0,5887.0,0.0,5887.0,0.0
2015/03/26,0.0,5204.0,0.0,5204.0,0.0
2015/03/27,0.0,0.0,-3745.0,-3745.0,0.0
2015/03/30,0.0,0.0,-2444.0,-2444.0,0.0
2015/03/31,0.0,0.0,-2139.0,-2139.0,0.0
2015/04/01,0.0,0.0,-1981.0,-1981.0,0.0
2015/04/02,0.0,4123.0,0.0,4123.0,0.0
2015/04/07,0.0,1043.0,0.0,1043.0,0.0
2015/04/08,0.0,0.0,-3112.0,-3112.0,0.0
2015/04/09,0.0,1379.0,0.0,1379.0,0.0
2015/04/10,0.0,2410.0,0.0,2410.0,0.0
2015/04/13,0.0,0.0,-162.0,-162.0,0.0
2015/04/14,0.0,0.0,-1414.0,-1414.0,0.0
2015/04/15,0.0,0.0,-4088.0,-4088.0,0.0
2015/04/16,0.0,7643.0,0.0,7643.0,0.0
2015/04/17,0.0,0.0,-632.0,-632.0,0.0
2015/04/20,0.0,570.0,0.0,570.0,0.0
2015/04/21,0.0,0.0,-5113.0,-5113.0,0.0
2015/04/22,0.0,5491.0,0.0,5491.0,0.0
2015/04/23,0.0,11460.0,0.0,11460.0,0.0
2015/04/24,0.0,5216.0,0.0,5216.0,0.0
2015/04/27,0.0,9180.0,0.0,9180.0,0.0
2015/04/28,0.0,5701.0,0.0,5701.0,0.0
2015/04/29,0.0,6835.0,0.0,6835.0,0.0
2015/04/30,0.0,3813.0,0.0,3813.0,0.0
2015/05/04,0.0,2044.0,0.0,2044.0,0.0
2015/05/05,0.0,0.0,-673.0,-673.0,0.0
2015/05/06,0.0,0.0,-1828.0,-1828.0,0.0
2015/05/07,0.0,0.0,-8366.0,-8366.0,0.0
2015/05/08,0.0,0.0,-11874.0,-11874.0,0.0
2015/05/11,0.0,0.0,-15987.0,-15987.0,0.0
2015/05/12,0.0,0.0,-16232.0,-16232.0,0.0
2015/05/13,0.0,0.0,-14452.0,-14452.0,0.0
2015/05/14,0.0,0.0,-22830.0,-22830.0,0.0
2015/05/15,0.0,0.0,-17995.0,-17995.0,0.0
2015/05/18,0.0,0.0,-17690.0,-17690.0,0.0
2015/05/19,0.0,0.0,-12850.0,-12850.0,0.0
2015/05/20,0.0,0.0,-15935.0,-15935.0,0.0
2015/05/21,0.0,0.0,-18044.0,-18044.0,0.0
2015/05/22,0.0,0.0,-12788.0,-12788.0,0.0
2015/05/25,0.0,0.0,-9782.0,-9782.0,0.0
2015/05/26,0.0,0.0,-9926.0,-9926.0,0.0
2015/05/27,0.0,0.0,-4587.0,-4587.0,0.0
2015/05/28,0.0,0.0,-1116.0,-1116.0,0.0
2015/05/29,0.0,0.0,-5845.0,-5845.0,0.0
2015/06/01,0.0,0.0,-10907.0,-10907.0,0.0
2015/06/02,0.0,0.0,-6795.0,-6795.0,0.0
2015/06/03,0.0,0.0,-17841.0,-17841.0,0.0
2015/06/04,0.0,0.0,-25170.0,-25170.0,0.0
2015/06/05,0.0,0.0,-20749.0,-20749.0,0.0
2015/06/08,0.0,0.0,-21339.0,-21339.0,0.0
2015/06/09,0.0,0.0,-18146.0,-18146.0,0.0
2015/06/10,0.0,0.0,-18481.0,-18481.0,0.0
2015/06/11,0.0,0.0,-19138.0,-19138.0,0.0
2015/06/12,0.0,0.0,-16578.0,-16578.0,0.0
2015/06/15,0.0,0.0,-14803.0,-14803.0,0.0
2015/06/16,0.0,0.0,-14302.0,-14302.0,0.0
2015/06/17,0.0,0.0,-10374.0,-10374.0,0.0
2015/06/18,0.0,0.0,-8474.0,-8474.0,0.0
2015/06/22,0.0,0.0,-4643.0,-4643.0,0.0
2015/06/23,0.0,0.0,-5381.0,-5381.0,0.0
2015/06/24,0.0,829.0,0.0,829.0,0.0
2015/06/25,0.0,2890.0,0.0,2890.0,0.0
2015/06/26,0.0,0.0,-701.0,-701.0,0.0
2015/06/29,0.0,0.0,-1885.0,-1885.0,0.0
2015/06/30,0.0,2961.0,0.0,2961.0,0.0
2015/07/01,0.0,6133.0,0.0,6133.0,0.0
2015/07/02,0.0,3067.0,0.0,3067.0,0.0
2015/07/03,0.0,3660.0,0.0,3660.0,0.0
2015/07/06,0.0,1933.0,0.0,1933.0,0.0
2015/07/07,0.0,4844.0,0.0,4844.0,0.0
2015/07/08,0.0,0.0,-6820.0,-6820.0,0.0
2015/07/09,0.0,0.0,-7146.0,-7146.0,0.0
2015/07/13,0.0,0.0,-3407.0,-3407.0,0.0
2015/07/14,0.0,0.0,-254.0,-254.0,0.0
2015/07/15,0.0,356.0,0.0,356.0,0.0
2015/07/16,0.0,0.0,-3112.0,-3112.0,0.0
2015/07/17,0.0,0.0,-466.0,-466.0,0.0
2015/07/20,0.0,0.0,-3103.0,-3103.0,0.0
2015/07/21,0.0,1163.0,0.0,1163.0,0.0
2015/07/22,0.0,0.0,-7197.0,-7197.0,0.0
2015/07/23,0.0,0.0,-10730.0,-10730.0,0.0
2015/07/24,0.0,0.0,-10157.0,-10157.0,0.0
2015/07/27,0.0,0.0,-6666.0,-6666.0,0.0
2015/07/28,0.0,0.0,-9847.0,-9847.0,0.0
2015/07/29,0.0,0.0,-11407.0,-11407.0,0.0
2015/07/30,0.0,0.0,-5995.0,-5995.0,0.0
2015/07/31,0.0,0.0,-10212.0,-10212.0,0.0
2015/08/03,0.0,0.0,-6316.0,-6316.0,0.0
2015/08/04,0.0,0.0,-4092.0,-4092.0,0.0
2015/08/05,0.0,0.0,-4514.0,-4514.0,0.0
2015/08/06,0.0,0.0,-8910.0,-8910.0,0.0
2015/08/07,0.0,0.0,-3623.0,-3623.0,0.0
2015/08/10,0.0,0.0,-4818.0,-4818.0,0.0
2015/08/11,0.0,0.0,-1964.0,-1964.0,0.0
2015/08/12,0.0,0.0,683.0,683.0,0.0
2015/08/13,0.0,0.0,-3864.0,-3864.0,0.0
2015/08/14,0.0,0.0,-973.0,-973.0,0.0
2015/08/17,0.0,0.0,-3355.0,-3355.0,0.0
2015/08/18,0.0,0.0,-884.0,-884.0,0.0
2015/08/19,0.0,0.0,-616.0,-616.0,0.0
2015/08/20,0.0,0.0,3906.0,3906.0,0.0
2015/08/21,0.0,0.0,7990.0,7990.0,0.0
2015/08/24,0.0,0.0,24613.0,24613.0,0.0
2015/08/25,0.0,0.0,25845.0,25845.0,0.0
2015/08/26,0.0,0.0,24374.0,24374.0,0.0
2015/08/27,0.0,0.0,23375.0,23375.0,0.0
2015/08/28,0.0,0.0,27639.0,27639.0,0.0
2015/08/31,0.0,0.0,21603.0,21603.0,0.0
2015/09/01,0.0,0.0,20389.0,20389.0,0.0
2015/09/02,0.0,0.0,24386.0,24386.0,0.0
2015/09/03,0.0,0.0,20761.0,20761.0,0.0
2015/09/04,0.0,0.0,23711.0,23711.0,0.0
2015/09/07,0.0,0.0,24062.0,24062.0,0.0
2015/09/08,0.0,0.0,24511.0,24511.0,0.0
2015/09/09,0.0,0.0,24915.0,24915.0,0.0
2015/09/10,0.0,0.0,14370.0,14370.0,0.0
2015/09/11,0.0,0.0,13601.0,13601.0,0.0
2015/09/14,0.0,0.0,11725.0,11725.0,0.0
2015/09/15,0.0,0.0,10385.0,10385.0,0.0
2015/09/16,0.0,0.0,17304.0,17304.0,0.0
2015/09/17,0.0,0.0,20431.0,20431.0,0.0
2015/09/18,0.0,0.0,17456.0,17456.0,0.0
2015/09/21,0.0,0.0,15683.0,15683.0,0.0
2015/09/22,0.0,0.0,19462.0,19462.0,0.0
2015/09/23,0.0,0.0,17852.0,17852.0,0.0
2015/09/24,0.0,0.0,19559.0,19559.0,0.0
2015/09/25,0.0,0.0,21283.0,21283.0,0.0
2015/09/30,0.0,0.0,23248.0,23248.0,0.0
2015/10/01,0.0,0.0,23766.0,23766.0,0.0
2015/10/02,0.0,0.0,20606.0,20606.0,0.0
2015/10/05,0.0,0.0,19056.0,19056.0,0.0
2015/10/06,0.0,0.0,20037.0,20037.0,0.0
2015/10/07,0.0,0.0,24960.0,24960.0,0.0
2015/10/08,0.0,0.0,23267.0,23267.0,0.0
2015/10/12,0.0,0.0,25369.0,25369.0,0.0
2015/10/13,0.0,0.0,23611.0,23611.0,0.0
2015/10/14,0.0,0.0,23263.0,23263.0,0.0
2015/10/15,0.0,0.0,24141.0,24141.0,0.0
2015/10/16,0.0,0.0,20945.0,20945.0,0.0
2015/10/19,0.0,0.0,20965.0,20965.0,0.0
2015/10/20,0.0,0.0,20965.0,20965.0,0.0
2015/10/21,0.0,0.0,19113.0,19113.0,0.0
2015/10/22,0.0,0.0,24538.0,24538.0,0.0
2015/10/23,0.0,0.0,22318.0,22318.0,0.0
2015/10/26,0.0,0.0,23367.0,23367.0,0.0
2015/10/27,0.0,0.0,20759.0,20759.0,0.0
2015/10/28,0.0,0.0,17910.0,17910.0,0.0
2015/10/29,0.0,0.0,18509.0,18509.0,0.0
2015/10/30,0.0,0.0,21405.0,21405.0,0.0
2015/11/02,0.0,0.0,22073.0,22073.0,0.0
2015/11/03,0.0,0.0,26205.0,26205.0,0.0
2015/11/04,0.0,0.0,23586.0,23586.0,0.0
2015/11/05,0.0,0.0,20995.0,20995.0,0.0
2015/11/06,0.0,0.0,15420.0,15420.0,0.0
2015/11/09,0.0,0.0,15826.0,15826.0,0.0
2015/11/10,0.0,0.0,14026.0,14026.0,0.0
2015/11/11,0.0,0.0,12628.0,12628.0,0.0
2015/11/12,0.0,0.0,15880.0,15880.0,0.0
2015/11/13,0.0,0.0,13767.0,13767.0,0.0
2015/11/16,0.0,0.0,17657.0,17657.0,0.0
2015/11/17,0.0,0.0,18651.0,18651.0,0.0
2015/11/18,0.0,0.0,16202.0,16202.0,0.0
2015/11/19,0.0,0.0,19684.0,19684.0,0.0
2015/11/20,0.0,0.0,17206.0,17206.0,0.0
2015/11/23,0.0,0.0,17703.0,17703.0,0.0
2015/11/24,0.0,0.0,18457.0,18457.0,0.0
2015/11/25,0.0,0.0,19733.0,19733.0,0.0
2015/11/26,0.0,0.0,24133.0,24133.0,0.0
2015/11/27,0.0,0.0,19254.0,19254.0,0.0
2015/11/30,0.0,0.0,14481.0,14481.0,0.0
2015/12/01,0.0,0.0,22673.0,22673.0,0.0
2015/12/02,0.0,0.0,21733.0,21733.0,0.0
2015/12/03,0.0,0.0,22605.0,22605.0,0.0
2015/12/04,0.0,0.0,20132.0,20132.0,0.0
2015/12/07,0.0,0.0,20201.0,20201.0,0.0
2015/12/08,0.0,0.0,12177.0,12177.0,0.0
2015/12/09,0.0,0.0,10132.0,10132.0,0.0
2015/12/10,0.0,0.0,10451.0,10451.0,0.0
2015/12/11,0.0,0.0,14299.0,14299.0,0.0
2015/12/14,0.0,0.0,19938.0,19938.0,0.0
2015/12/15,0.0,0.0,17200.0,17200.0,0.0
2015/12/16,0.0,0.0,18679.0,18679.0,0.0
2015/12/17,0.0,0.0,19031.0,19031.0,0.0
2015/12/18,0.0,0.0,17005.0,17005.0,0.0
2015/12/21,0.0,0.0,18515.0,18515.0,0.0
2015/12/22,0.0,0.0,17355.0,17355.0,0.0
2015/12/23,0.0,0.0,20913.0,20913.0,0.0
2015/12/24,0.0,0.0,22824.0,22824.0,0.0
2015/12/25,0.0,0.0,24931.0,24931.0,0.0
2015/12/28,0.0,0.0,24133.0,24133.0,0.0
2015/12/29,0.0,0.0,19235.0,19235.0,0.0
2015/12/30,0.0,0.0,15592.0,15592.0,0.0
2015/12/31,0.0,0.0,20204.0,20204.0,0.0
2016/01/04,0.0,0.0,17820.0,17820.0,0.0
2016/01/05,0.0,0.0,22832.0,22832.0,0.0
2016/01/06,0.0,0.0,20180.0,20180.0,0.0
2016/01/07,0.0,0.0,17881.0,17881.0,0.0
2016/01/08,0.0,0.0,16618.0,16618.0,0.0
2016/01/11,0.0,0.0,19279.0,19279.0,0.0
2016/01/12,0.0,0.0,20834.0,20834.0,0.0
2016/01/13,0.0,0.0,23366.0,23366.0,0.0
2016/01/14,0.0,0.0,23648.0,23648.0,0.0
2016/01/15,0.0,0.0,23211.0,23211.0,0.0
2016/01/18,0.0,0.0,25108.0,25108.0,0.0
2016/01/19,0.0,0.0,16938.0,16938.0,0.0
2016/01/20,0.0,0.0,16472.0,16472.0,0.0
2016/01/21,0.0,0.0,22829.0,22829.0,0.0
2016/01/22,0.0,0.0,24108.0,24108.0,0.0
2016/01/25,0.0,0.0,24070.0,24070.0,0.0
2016/01/26,0.0,0.0,23506.0,23506.0,0.0
2016/01/27,0.0,0.0,26285.0,26285.0,0.0
2016/01/28,0.0,0.0,30220.0,30220.0,0.0
2016/01/29,0.0,0.0,31010.0,31010.0,0.0
2016/01/30,0.0,0.0,30156.0,30156.0,0.0
2016/02/01,0.0,0.0,23470.0,23470.0,0.0
2016/02/02,0.0,0.0,23712.0,23712.0,0.0
2016/02/03,0.0,0.0,23991.0,23991.0,0.0
2016/02/15,0.0,0.0,27574.0,27574.0,0.0
2016/02/16,0.0,0.0,30278.0,30278.0,0.0
2016/02/17,0.0,0.0,30819.0,30819.0,0.0
2016/02/18,0.0,0.0,30108.0,30108.0,0.0
2016/02/19,0.0,0.0,33069.0,33069.0,0.0
2016/02/22,0.0,0.0,28111.0,28111.0,0.0
2016/02/23,0.0,0.0,30696.0,30696.0,0.0
2016/02/24,0.0,0.0,31954.0,31954.0,0.0
2016/02/25,0.0,0.0,37831.0,37831.0,0.0
2016/02/26,0.0,0.0,33721.0,33721.0,0.0
2016/03/01,0.0,0.0,36114.0,36114.0,0.0
2016/03/02,0.0,0.0,31698.0,31698.0,0.0
2016/03/03,0.0,0.0,34357.0,34357.0,0.0
2016/03/04,0.0,0.0,34445.0,34445.0,0.0
2016/03/07,0.0,0.0,34249.0,34249.0,0.0
2016/03/08,0.0,0.0,36799.0,36799.0,0.0
2016/03/09,0.0,0.0,38343.0,38343.0,0.0
2016/03/10,0.0,0.0,38384.0,38384.0,0.0
2016/03/11,0.0,0.0,39301.0,39301.0,0.0
2016/03/14,0.0,0.0,33955.0,33955.0,0.0
2016/03/15,0.0,0.0,34511.0,34511.0,0.0
2016/03/16,0.0,0.0,41727.0,41727.0,0.0
2016/03/17,0.0,0.0,41111.0,41111.0,0.0
2016/03/18,0.0,0.0,40943.0,40943.0,0.0
2016/03/21,0.0,0.0,39461.0,39461.0,0.0
2016/03/22,0.0,0.0,44819.0,44819.0,0.0
2016/03/23,0.0,0.0,45322.0,45322.0,0.0
2016/03/24,0.0,0.0,46546.0,46546.0,0.0
2016/03/25,0.0,0.0,45559.0,45559.0,0.0
2016/03/28,0.0,0.0,44840.0,44840.0,0.0
2016/03/29,0.0,0.0,43103.0,43103.0,0.0
2016/03/30,0.0,0.0,53673.0,53673.0,0.0
2016/03/31,0.0,0.0,48615.0,48615.0,0.0
2016/04/01,0.0,0.0,46407.0,46407.0,0.0
2016/04/06,0.0,0.0,38704.0,38704.0,0.0
2016/04/07,0.0,0.0,42484.0,42484.0,0.0
2016/04/08,0.0,0.0,45739.0,45739.0,0.0
2016/04/11,0.0,0.0,48269.0,48269.0,0.0
2016/04/12,0.0,0.0,48886.0,48886.0,0.0
2016/04/13,0.0,0.0,51666.0,51666.0,0.0
2016/04/14,0.0,0.0,47211.0,47211.0,0.0
2016/04/15,0.0,0.0,49727.0,49727.0,0.0
2016/04/18,0.0,0.0,43138.0,43138.0,0.0
2016/04/19,0.0,0.0,41302.0,41302.0,0.0
2016/04/20,0.0,0.0,40572.0,40572.0,0.0
2016/04/21,0.0,0.0,50168.0,50168.0,0.0
2016/04/22,0.0,0.0,51736.0,51736.0,0.0
2016/04/25,0.0,0.0,54979.0,54979.0,0.0
2016/04/26,0.0,0.0,56541.0,56541.0,0.0
2016/04/27,0.0,0.0,55657.0,55657.0,0.0
2016/04/28,0.0,0.0,39475.0,39475.0,0.0
2016/04/29,0.0,0.0,36895.0,36895.0,0.0
2016/05/03,0.0,0.0,33903.0,33903.0,0.0
2016/05/04,0.0,0.0,31300.0,31300.0,0.0
2016/05/05,0.0,0.0,24506.0,24506.0,0.0
2016/05/06,0.0,0.0,26677.0,26677.0,0.0
2016/05/09,0.0,0.0,28281.0,28281.0,0.0
2016/05/10,0.0,0.0,27379.0,27379.0,0.0
2016/05/11,0.0,0.0,22800.0,22800.0,0.0
2016/05/12,0.0,0.0,24526.0,24526.0,0.0
2016/05/13,0.0,0.0,28756.0,28756.0,0.0
2016/05/16,0.0,0.0,31965.0,31965.0,0.0
2016/05/17,0.0,0.0,29198.0,29198.0,0.0
2016/05/18,0.0,0.0,31760.0,31760.0,0.0
2016/05/19,0.0,0.0,28765.0,28765.0,0.0
2016/05/20,0.0,0.0,37302.0,37302.0,0.0
2016/05/23,0.0,0.0,38007.0,38007.0,0.0
2016/05/24,0.0,0.0,30754.0,30754.0,0.0
2016/05/25,0.0,0.0,35330.0,35330.0,0.0
2016/05/26,0.0,0.0,36213.0,36213.0,0.0
2016/05/27,0.0,0.0,40096.0,40096.0,0.0
2016/05/30,0.0,0.0,38810.0,38810.0,0.0
2016/05/31,0.0,0.0,39258.0,39258.0,0.0
2016/06/01,0.0,0.0,46843.0,46843.0,0.0
2016/06/02,0.0,0.0,47441.0,47441.0,0.0
2016/06/03,0.0,0.0,47002.0,47002.0,0.0
2016/06/04,0.0,0.0,47902.0,47902.0,0.0
2016/06/06,0.0,0.0,49007.0,49007.0,0.0
2016/06/07,0.0,0.0,54146.0,54146.0,0.0
2016/06/08,0.0,0.0,54509.0,54509.0,0.0
2016/06/13,0.0,0.0,48480.0,48480.0,0.0
2016/06/14,0.0,0.0,52243.0,52243.0,0.0
2016/06/15,0.0,0.0,48675.0,48675.0,0.0
2016/06/16,0.0,0.0,51740.0,51740.0,0.0
2016/06/17,0.0,0.0,58573.0,58573.0,0.0
2016/06/20,0.0,0.0,55490.0,55490.0,0.0
2016/06/21,0.0,0.0,54234.0,54234.0,0.0
2016/06/22,0.0,0.0,54664.0,54664.0,0.0
2016/06/23,0.0,0.0,54190.0,54190.0,0.0
2016/06/24,0.0,0.0,56217.0,56217.0,0.0
2016/06/27,0.0,0.0,61305.0,61305.0,0.0
2016/06/28,0.0,0.0,58659.0,58659.0,0.0
2016/06/29,0.0,0.0,61242.0,61242.0,0.0
2016/06/30,0.0,0.0,65879.0,65879.0,0.0
2016/07/01,0.0,0.0,68784.0,68784.0,0.0
2016/07/04,0.0,0.0,63896.0,63896.0,0.0
2016/07/05,0.0,0.0,64732.0,64732.0,0.0
2016/07/06,0.0,0.0,58842.0,58842.0,0.0
2016/07/07,0.0,0.0,63570.0,63570.0,0.0
2016/07/11,0.0,0.0,62780.0,62780.0,0.0
2016/07/12,0.0,0.0,65213.0,65213.0,0.0
2016/07/13,0.0,0.0,68142.0,68142.0,0.0
2016/07/14,0.0,0.0,68992.0,68992.0,0.0
2016/07/15,0.0,0.0,71483.0,71483.0,0.0
2016/07/18,0.0,0.0,68199.0,68199.0,0.0
2016/07/19,0.0,0.0,66178.0,66178.0,0.0
2016/07/20,0.0,0.0,62570.0,62570.0,0.0
2016/07/21,0.0,0.0,63183.0,63183.0,0.0
2016/07/22,0.0,0.0,62440.0,62440.0,0.0
2016/07/25,0.0,0.0,62723.0,62723.0,0.0
2016/07/26,0.0,0.0,68545.0,68545.0,0.0
2016/07/27,0.0,0.0,65261.0,65261.0,0.0
2016/07/28,0.0,0.0,69100.0,69100.0,0.0
2016/07/29,0.0,0.0,68040.0,68040.0,0.0
2016/08/01,0.0,0.0,73551.0,73551.0,0.0
2016/08/02,0.0,0.0,67456.0,67456.0,0.0
2016/08/03,0.0,0.0,69489.0,69489.0,0.0
2016/08/04,0.0,0.0,67624.0,67624.0,0.0
2016/08/05,0.0,0.0,71065.0,71065.0,0.0
2016/08/08,0.0,0.0,67193.0,67193.0,0.0
2016/08/09,0.0,0.0,69632.0,69632.0,0.0
2016/08/10,0.0,0.0,70272.0,70272.0,0.0
2016/08/11,0.0,0.0,67733.0,67733.0,0.0
2016/08/12,0.0,0.0,71521.0,71521.0,0.0
2016/08/15,0.0,0.0,69607.0,69607.0,0.0
2016/08/16,0.0,0.0,69004.0,69004.0,0.0
2016/08/17,0.0,0.0,66866.0,66866.0,0.0
2016/08/18,0.0,0.0,70480.0,70480.0,0.0
2016/08/19,0.0,0.0,66380.0,66380.0,0.0
2016/08/22,0.0,72439.0,0.0,72439.0,0.0
2016/08/23,0.0,79904.0,0.0,79904.0,0.0
2016/08/24,0.0,76346.0,0.0,76346.0,0.0
2016/08/25,0.0,86678.0,0.0,86678.0,0.0
2016/08/26,0.0,80883.0,0.0,80883.0,0.0
2016/08/29,0.0,76061.0,0.0,76061.0,0.0
2016/08/30,0.0,75247.0,0.0,75247.0,0.0
2016/08/31,0.0,77446.0,0.0,77446.0,0.0
2016/09/01,0.0,75795.0,0.0,75795.0,0.0
2016/09/02,0.0,77888.0,0.0,77888.0,0.0
2016/09/05,0.0,87576.0,0.0,87576.0,0.0
2016/09/06,0.0,89627.0,0.0,89627.0,0.0
2016/09/07,0.0,93210.0,0.0,93210.0,0.0
2016/09/08,0.0,85709.0,0.0,85709.0,0.0
2016/09/09,0.0,74990.0,0.0,74990.0,0.0
2016/09/10,0.0,76107.0,0.0,76107.0,0.0
2016/09/12,0.0,73958.0,0.0,73958.0,0.0
2016/09/13,0.0,71549.0,0.0,71549.0,0.0
2016/09/14,0.0,72170.0,0.0,72170.0,0.0
2016/09/19,0.0,81668.0,0.0,81668.0,0.0
2016/09/20,0.0,77321.0,0.0,77321.0,0.0
2016/09/21,0.0,74697.0,0.0,74697.0,0.0
2016/09/22,0.0,74580.0,0.0,74580.0,0.0
2016/09/23,0.0,79931.0,0.0,79931.0,0.0
2016/09/26,0.0,78059.0,0.0,78059.0,0.0
2016/09/29,0.0,85479.0,0.0,85479.0,0.0
2016/09/30,0.0,80506.0,0.0,80506.0,0.0
2016/10/03,0.0,82179.0,0.0,82179.0,0.0
2016/10/04,0.0,86497.0,0.0,86497.0,0.0
2016/10/05,0.0,87122.0,0.0,87122.0,0.0
2016/10/06,0.0,87317.0,0.0,87317.0,0.0
2016/10/07,0.0,88151.0,0.0,88151.0,0.0
2016/10/11,0.0,82682.0,0.0,82682.0,0.0
2016/10/12,0.0,91702.0,0.0,91702.0,0.0
2016/10/13,0.0,80697.0,0.0,80697.0,0.0
2016/10/14,0.0,79415.0,0.0,79415.0,0.0
2016/10/17,0.0,76859.0,0.0,76859.0,0.0
2016/10/18,0.0,81789.0,0.0,81789.0,0.0
2016/10/19,0.0,83969.0,0.0,83969.0,0.0
2016/10/20,0.0,85303.0,0.0,85303.0,0.0
2016/10/21,0.0,86725.0,0.0,86725.0,0.0
2016/10/24,0.0,90319.0,0.0,90319.0,0.0
2016/10/25,0.0,93108.0,0.0,93108.0,0.0
2016/10/26,0.0,86928.0,0.0,86928.0,0.0
2016/10/27,0.0,82740.0,0.0,82740.0,0.0
2016/10/28,0.0,82558.0,0.0,82558.0,0.0
2016/10/31,0.0,82657.0,0.0,82657.0,0.0
2016/11/01,0.0,79355.0,0.0,79355.0,0.0
2016/11/02,0.0,70983.0,0.0,70983.0,0.0
2016/11/03,0.0,65244.0,0.0,65244.0,0.0
2016/11/04,0.0,64751.0,0.0,64751.0,0.0
2016/11/07,0.0,68521.0,0.0,68521.0,0.0
2016/11/08,0.0,68706.0,0.0,68706.0,0.0
2016/11/09,0.0,65464.0,0.0,65464.0,0.0
2016/11/10,0.0,66840.0,0.0,66840.0,0.0
2016/11/11,0.0,59851.0,0.0,59851.0,0.0
2016/11/14,0.0,62188.0,0.0,62188.0,0.0
2016/11/15,0.0,66536.0,0.0,66536.0,0.0
2016/11/16,0.0,62492.0,0.0,62492.0,0.0
2016/11/17,0.0,63031.0,0.0,63031.0,0.0
2016/11/18,0.0,65880.0,0.0,65880.0,0.0
2016/11/21,0.0,66202.0,0.0,66202.0,0.0
2016/11/22,0.0,75023.0,0.0,75023.0,0.0
2016/11/23,0.0,76712.0,0.0,76712.0,0.0
2016/11/24,0.0,73690.0,0.0,73690.0,0.0
2016/11/25,0.0,76090.0,0.0,76090.0,0.0
2016/11/28,0.0,81199.0,0.0,81199.0,0.0
2016/11/29,0.0,78237.0,0.0,78237.0,0.0
2016/11/30,0.0,80059.0,0.0,80059.0,0.0
2016/12/01,0.0,80187.0,0.0,80187.0,0.0
2016/12/02,0.0,72431.0,0.0,72431.0,0.0
2016/12/05,0.0,70867.0,0.0,70867.0,0.0
2016/12/06,0.0,80146.0,0.0,80146.0,0.0
2016/12/07,0.0,75084.0,0.0,75084.0,0.0
2016/12/08,0.0,79303.0,0.0,79303.0,0.0
2016/12/09,0.0,82745.0,0.0,82745.0,0.0
2016/12/12,0.0,77411.0,0.0,77411.0,0.0
2016/12/13,0.0,77646.0,0.0,77646.0,0.0
2016/12/14,0.0,74907.0,0.0,74907.0,0.0
2016/12/15,0.0,72743.0,0.0,72743.0,0.0
2016/12/16,0.0,64289.0,0.0,64289.0,0.0
2016/12/19,0.0,65807.0,0.0,65807.0,0.0
2016/12/20,0.0,60420.0,0.0,60420.0,0.0
2016/12/21,0.0,58091.0,0.0,58091.0,0.0
2016/12/22,0.0,53984.0,0.0,53984.0,0.0
2016/12/23,0.0,53014.0,0.0,53014.0,0.0
2016/12/26,0.0,52885.0,0.0,52885.0,0.0
2016/12/27,0.0,52148.0,0.0,52148.0,0.0
2016/12/28,0.0,56693.0,0.0,56693.0,0.0
2016/12/29,0.0,60045.0,0.0,60045.0,0.0
2016/12/30,0.0,62603.0,0.0,62603.0,0.0
2017/01/03,0.0,59418.0,0.0,59418.0,0.0
2017/01/04,0.0,57267.0,0.0,57267.0,0.0
2017/01/05,0.0,64545.0,0.0,64545.0,0.0
2017/01/06,0.0,66163.0,0.0,66163.0,0.0
2017/01/09,0.0,62300.0,0.0,62300.0,0.0
2017/01/10,0.0,65297.0,0.0,65297.0,0.0
2017/01/11,0.0,63241.0,0.0,63241.0,0.0
2017/01/12,0.0,71582.0,0.0,71582.0,0.0
2017/01/13,0.0,64937.0,0.0,64937.0,0.0
2017/01/16,0.0,57847.0,0.0,57847.0,0.0
2017/01/17,0.0,63841.0,0.0,63841.0,0.0
2017/01/18,0.0,54625.0,0.0,54625.0,0.0
2017/01/19,0.0,54628.0,0.0,54628.0,0.0
2017/01/20,0.0,59046.0,0.0,59046.0,0.0
2017/01/23,0.0,64540.0,0.0,64540.0,0.0
2017/01/24,0.0,66464.0,0.0,66464.0,0.0
2017/02/02,0.0,62046.0,0.0,62046.0,0.0
2017/02/03,0.0,65443.0,0.0,65443.0,0.0
2017/02/06,0.0,69034.0,0.0,69034.0,0.0
2017/02/07,0.0,70525.0,0.0,70525.0,0.0
2017/02/08,0.0,70049.0,0.0,70049.0,0.0
2017/02/09,0.0,76236.0,0.0,76236.0,0.0
2017/02/10,0.0,78513.0,0.0,78513.0,0.0
2017/02/13,0.0,77485.0,0.0,77485.0,0.0
2017/02/14,0.0,75270.0,0.0,75270.0,0.0
2017/02/15,0.0,72898.0,0.0,72898.0,0.0
2017/02/16,0.0,65850.0,0.0,65850.0,0.0
2017/02/17,0.0,65639.0,0.0,65639.0,0.0
2017/02/18,0.0,65824.0,0.0,65824.0,0.0
2017/02/20,0.0,63705.0,0.0,63705.0,0.0
2017/02/21,0.0,60810,0.0,60810,0.0
